BoneAnimationSize 65
KeframeSize 19
0
0.762695 84.416 1.37038
1 1 1
0.146733 -0.0669272 -0.0540185 0.98543
0.125
-0.170224 85.7472 4.70759
1 1 1
0.132307 -0.0644269 -0.0735816 0.986372
0.25
-2.02873 93.1844 11.9199
1 1 1
0.0839205 -0.0402606 -0.107405 0.989849
0.375
-1.3724 102.313 17.4303
1 1 1
0.0362148 -0.02962 -0.149908 0.987592
0.5
-1.01828 105.434 18.3588
1 1 1
-0.0358523 0.00584912 -0.194461 0.980237
0.625
-2.98532 102.7 25.9375
1 1 1
-0.225617 0.109019 -0.220916 0.942554
0.75
-1.95561 102.546 42.4996
1 1 1
-0.410411 0.200507 -0.17287 0.872626
0.875
-0.596758 107.422 58.0408
1 1 1
-0.518739 0.318005 -0.137396 0.781604
1
-0.253302 110.333 62.5314
1 1 1
-0.57388 0.328432 -0.170625 0.730535
1.125
-1.22408 111.053 59.4348
1 1 1
-0.558064 0.297604 -0.198671 0.748683
1.25
-2.25307 107.355 51.4998
1 1 1
-0.52627 0.218485 -0.18151 0.801472
1.375
-1.15258 102.814 41.1649
1 1 1
-0.464068 0.0840732 -0.122464 0.873256
1.5
3.14226 101.155 28.4218
1 1 1
-0.277754 -0.0743274 -0.148545 0.946183
1.625
5.10923 104.193 23.3851
1 1 1
-0.0125315 -0.138386 -0.147013 0.979326
1.75
1.94999 100.119 20.2018
1 1 1
0.0689485 -0.0731829 -0.0975774 0.990136
1.875
0.284583 91.944 12.545
1 1 1
0.101574 -0.0167217 -0.0387558 0.993932
2
0.721888 86.469 4.68644
1 1 1
0.168265 -0.0545038 -0.0334015 0.983667
2.125
0.811251 84.4708 1.37371
1 1 1
0.149173 -0.0692681 -0.0534124 0.984935
2.25
0.762605 84.416 1.37041
1 1 1
0.146734 -0.0669592 -0.0540137 0.985428
0
1.89203 95.1402 3.3873
1 1 1
0.238526 0.0658138 -0.0887744 0.964828
0.125
1.40747 96.466 6.43088
1 1 1
0.229678 0.0651814 -0.112851 0.964502
0.25
0.33385 103.878 12.5675
1 1 1
0.201424 0.0666817 -0.153761 0.965059
0.375
1.9137 112.772 17.0332
1 1 1
0.170667 0.0590266 -0.174647 0.967929
0.5
3.09327 115.393 16.2929
1 1 1
0.117363 0.0971926 -0.194433 0.969007
0.625
0.621014 110.943 19.661
1 1 1
-0.0538329 0.180927 -0.233492 0.95386
0.75
-1.09532 108.295 33.196
1 1 1
-0.266507 0.219782 -0.221994 0.911805
0.875
-2.67354 111.12 47.9234
1 1 1
-0.426377 0.272737 -0.192862 0.840607
1
-2.51242 112.493 52.0154
1 1 1
-0.497731 0.277901 -0.232112 0.788137
1.125
-2.4595 113.388 48.7871
1 1 1
-0.476207 0.264932 -0.265409 0.795359
1.25
-2.28541 110.524 40.9967
1 1 1
-0.416676 0.221417 -0.236729 0.849303
1.375
-0.0108638 107.681 31.3999
1 1 1
-0.321188 0.126434 -0.157152 0.925287
1.5
6.72395 109.189 21.867
1 1 1
-0.122139 0.024348 -0.135148 0.982967
1.625
8.62109 114.533 22.3302
1 1 1
0.111939 -0.011539 -0.125175 0.985732
1.75
4.14242 110.862 20.5915
1 1 1
0.188713 0.0397637 -0.120282 0.973827
1.875
1.13391 102.839 13.5074
1 1 1
0.200104 0.108092 -0.0882524 0.969787
2
1.38387 97.1426 7.13378
1 1 1
0.226814 0.0836688 -0.0714699 0.967702
2.125
1.92175 95.1865 3.44591
1 1 1
0.237221 0.0644949 -0.087696 0.965337
2.25
1.89181 95.1402 3.38741
1 1 1
0.238529 0.0657825 -0.0887665 0.96483
0
4.33598 106.91 7.78165
1 1 1
0.265558 0.0980112 -0.0820247 0.955586
0.125
4.43867 108.197 10.5553
1 1 1
0.259984 0.0975338 -0.109887 0.954369
0.25
4.34203 115.569 15.8926
1 1 1
0.258988 0.0821947 -0.147315 0.951035
0.375
6.37985 124.494 19.5775
1 1 1
0.256677 0.0517255 -0.162387 0.951353
0.5
7.95433 127.191 17.2829
1 1 1
0.229631 0.0649452 -0.158437 0.958097
0.625
5.47781 122.171 15.8982
1 1 1
0.0876018 0.123251 -0.170611 0.973667
0.75
1.78189 117.373 24.6438
1 1 1
-0.152431 0.145107 -0.165572 0.96348
0.875
-2.44282 117.356 36.7485
1 1 1
-0.38137 0.156928 -0.125729 0.902288
1
-2.38115 116.563 39.8816
1 1 1
-0.486552 0.161992 -0.151696 0.844994
1.125
-1.31071 117.628 36.7655
1 1 1
-0.47169 0.164549 -0.182304 0.846875
1.25
-0.38004 116.501 29.8409
1 1 1
-0.380748 0.136706 -0.151408 0.901897
1.375
2.14785 116.317 22.2037
1 1 1
-0.229311 0.0548002 -0.0764468 0.968798
1.5
9.89873 120.711 17.2857
1 1 1
-0.0147165 -0.00913486 -0.0694581 0.997434
1.625
11.7946 126.854 23.7183
1 1 1
0.164951 0.00176061 -0.0929791 0.981908
1.75
7.25693 122.864 23.7621
1 1 1
0.234969 0.0655736 -0.100409 0.964576
1.875
3.59328 114.943 16.8627
1 1 1
0.244188 0.138418 -0.0803931 0.956425
2
3.42501 109.09 11.2458
1 1 1
0.253989 0.12713 -0.0711315 0.956174
2.125
4.33282 106.973 7.81369
1 1 1
0.265472 0.0986938 -0.081326 0.955599
2.25
4.33547 106.91 7.78192
1 1 1
0.265561 0.0979802 -0.082016 0.955589
0
7.11723 120.087 13.4913
1 1 1
0.29195 0.13235 -0.0760674 0.944173
0.125
7.99534 121.294 16.013
1 1 1
0.289663 0.132107 -0.107493 0.941854
0.25
8.88767 128.401 21.2459
1 1 1
0.315701 0.100137 -0.140659 0.933017
0.375
11.2215 137.204 24.9588
1 1 1
0.340916 0.046712 -0.149269 0.926991
0.5
12.703 140.245 21.8671
1 1 1
0.338684 0.0350892 -0.12037 0.932509
0.625
10.253 135.995 16.1407
1 1 1
0.227162 0.0659983 -0.103762 0.966062
0.75
5.2047 130.012 18.1264
1 1 1
-0.0343117 0.0693245 -0.106417 0.991308
0.875
-1.53881 126.095 25.0536
1 1 1
-0.326948 0.039284 -0.056039 0.942561
1
-1.67204 122.228 26.4147
1 1 1
-0.463554 0.0439398 -0.0688359 0.882298
1.125
0.144935 123.469 23.4343
1 1 1
-0.457738 0.0623524 -0.0971467 0.881561
1.25
1.45137 125.053 18.1162
1 1 1
-0.337694 0.0509303 -0.0655007 0.937592
1.375
3.68639 128.406 14.1124
1 1 1
-0.13224 -0.0162097 0.00380283 0.991078
1.5
11.9357 135.041 15.1736
1 1 1
0.0932032 -0.0390469 -0.00389882 0.994874
1.625
14.4946 140.894 26.8077
1 1 1
0.217242 0.017898 -0.0615956 0.974008
1.75
10.3761 136.291 28.6554
1 1 1
0.280282 0.0934572 -0.0811152 0.951907
1.875
6.41778 128.385 21.8912
1 1 1
0.288438 0.171102 -0.0728613 0.939265
2
5.97925 122.456 16.6117
1 1 1
0.276565 0.172507 -0.0710302 0.942713
2.125
7.09685 120.154 13.5218
1 1 1
0.291524 0.134946 -0.0756591 0.94397
2.25
7.11635 120.087 13.4918
1 1 1
0.291952 0.132319 -0.0760579 0.944177
0
10.3256 134.552 20.6512
1 1 1
0.288774 0.102392 -0.0449241 0.950846
0.125
12.1896 135.619 22.94
1 1 1
0.294249 0.0966836 -0.06855 0.948351
0.25
14.0147 142.025 28.9188
1 1 1
0.318875 0.0597629 -0.0901806 0.941602
0.375
16.286 150.262 33.5987
1 1 1
0.288453 0.0238507 -0.100824 0.951872
0.5
16.7831 153.595 30.5806
1 1 1
0.24071 0.0246765 -0.0908355 0.966022
0.625
13.8573 151.169 21.3883
1 1 1
0.202481 0.0590375 -0.105976 0.971743
0.75
8.28934 145.847 14.8795
1 1 1
-0.00318209 0.0522495 -0.118905 0.991525
0.875
-0.452837 137.669 13.4067
1 1 1
-0.237924 0.0298264 -0.0799695 0.967527
1
-0.632112 129.837 11.8608
1 1 1
-0.359506 0.0466301 -0.0458584 0.930848
1.125
1.62166 131.133 8.94706
1 1 1
-0.355939 0.06002 -0.0742562 0.929619
1.25
2.62019 136.328 6.18756
1 1 1
-0.245008 0.0478125 -0.0658609 0.966099
1.375
3.68832 143.675 7.97624
1 1 1
-0.0413708 -0.004528 -0.000171645 0.999134
1.5
12.0854 151.455 16.3301
1 1 1
0.14881 -0.0385262 0.0248149 0.987803
1.625
16.5588 156.388 31.9529
1 1 1
0.230276 -0.00734374 -0.0114608 0.97303
1.75
13.494 150.905 35.5474
1 1 1
0.291026 0.0516367 -0.0246647 0.955002
1.875
9.72418 142.923 28.8559
1 1 1
0.311574 0.125328 -0.0287162 0.941483
2
9.17113 137.182 23.2261
1 1 1
0.275561 0.139449 -0.0434207 0.950124
2.125
10.3052 134.628 20.6637
1 1 1
0.287465 0.104769 -0.0442809 0.951014
2.25
10.3243 134.552 20.6519
1 1 1
0.288775 0.102361 -0.0449147 0.950849
0
11.7262 139.688 26.2275
1 1 1
0.228153 0.00397386 0.0370771 0.972911
0.125
13.8578 140.643 28.545
1 1 1
0.239036 -0.00929707 0.0271371 0.970587
0.25
15.6731 146.697 34.8239
1 1 1
0.272936 -0.0290671 0.00154062 0.961592
0.375
17.799 155.288 39.246
1 1 1
0.27538 -0.0167874 -0.0163502 0.96105
0.5
18.1907 159.187 35.6978
1 1 1
0.258134 -0.0278652 0.000881467 0.965707
0.625
15.7113 157.091 25.9643
1 1 1
0.257975 -0.0572367 0.0395797 0.963642
0.75
10.2469 153.097 16.6268
1 1 1
0.199635 -0.0921775 0.0260007 0.975178
0.875
0.779198 145.065 11.6102
1 1 1
0.0638449 -0.0343179 0.0317234 0.996865
1
-0.017368 136.609 8.22641
1 1 1
-0.0873022 0.0658376 0.0527962 0.992601
1.125
2.64613 137.868 5.33843
1 1 1
-0.0746325 0.0563004 0.0821254 0.992228
1.25
3.63261 143.725 4.2641
1 1 1
0.0150205 0.0251859 0.0802925 0.99634
1.375
3.67654 151.278 9.2496
1 1 1
0.0936808 0.011333 0.105494 0.989933
1.5
11.503 158.026 20.3206
1 1 1
0.12939 -0.0272398 0.101117 0.986048
1.625
16.6631 162.216 36.9991
1 1 1
0.158599 -0.0450451 0.0600658 0.984484
1.75
14.2305 156.043 41.2483
1 1 1
0.212159 -0.0336792 0.049808 0.975384
1.875
11.1257 147.806 34.6558
1 1 1
0.242456 -0.0119467 0.060871 0.968177
2
10.8195 142.475 28.5842
1 1 1
0.210867 0.011662 0.0456997 0.976376
2.125
11.7145 139.781 26.2225
1 1 1
0.225214 0.00570332 0.0374078 0.973574
2.25
11.7245 139.688 26.2283
1 1 1
0.228152 0.00394235 0.0370845 0.972911
0
10.0926 159.588 43.3549
1 1 1
0.228153 0.00397386 0.0370771 0.972911
0.125
12.3686 160.181 46.0969
1 1 1
0.239036 -0.00929707 0.0271371 0.970587
0.25
14.8364 164.995 53.7044
1 1 1
0.272936 -0.0290671 0.00154062 0.961592
0.375
18.0973 173.48 58.245
1 1 1
0.27538 -0.0167874 -0.0163502 0.96105
0.5
17.435 178.057 54.0103
1 1 1
0.258134 -0.0278652 0.000881467 0.965707
0.625
12.4314 175.866 44.0963
1 1 1
0.257975 -0.0572367 0.0395797 0.963642
0.75
6.91873 173.975 32.2809
1 1 1
0.199635 -0.0921775 0.0260007 0.975178
0.875
-1.36195 169.464 21.2071
1 1 1
0.0638449 -0.0343179 0.0317234 0.996865
1
-2.19623 162.742 10.3049
1 1 1
-0.0873022 0.0658376 0.0527962 0.992601
1.125
-1.07942 163.756 8.15979
1 1 1
-0.0746325 0.0563004 0.0821254 0.992228
1.25
-0.0869415 168.714 11.5942
1 1 1
0.0150205 0.0251859 0.0802925 0.99634
1.375
-1.32145 174.575 20.3993
1 1 1
0.0936808 0.011333 0.105494 0.989933
1.5
6.06048 180.46 32.9348
1 1 1
0.12939 -0.0272398 0.101117 0.986048
1.625
12.8324 184.189 50.9462
1 1 1
0.158599 -0.0450451 0.0600658 0.984484
1.75
11.1002 176.417 57.5925
1 1 1
0.212159 -0.0336792 0.049808 0.975384
1.875
8.01408 167.067 52.3009
1 1 1
0.242456 -0.0119467 0.060871 0.968177
2
8.94176 162.938 45.0076
1 1 1
0.210867 0.011662 0.0456997 0.976376
2.125
10.1038 159.783 43.2321
1 1 1
0.225214 0.00570332 0.0374078 0.973574
2.25
10.0897 159.588 43.3556
1 1 1
0.228152 0.00394235 0.0370845 0.972911
0
15.0565 132.087 17.6439
1 1 1
0.281643 0.159388 -0.205089 0.923694
0.125
16.7081 132.846 19.8752
1 1 1
0.278979 0.14125 -0.224872 0.92285
0.25
18.4051 138.968 25.939
1 1 1
0.305952 0.0622542 -0.245158 0.917832
0.375
20.7808 147.049 30.9575
1 1 1
0.330526 -0.0815195 -0.185713 0.921747
0.5
21.53 150.58 28.1564
1 1 1
0.326386 -0.17646 -0.0531878 0.927095
0.625
18.6557 147.978 19.3177
1 1 1
0.221544 -0.115659 -0.148444 0.956821
0.75
13.1383 142.143 14.3602
1 1 1
-0.043259 -0.141054 -0.212211 0.966022
0.875
4.84796 134.931 14.7863
1 1 1
-0.302101 -0.15209 -0.00426286 0.941055
1
4.64435 127.488 13.8961
1 1 1
-0.401947 -0.109563 0.0888675 0.90473
1.125
6.73767 128.413 10.9292
1 1 1
-0.394766 -0.187346 -0.00203738 0.899476
1.25
7.87451 133.489 7.53946
1 1 1
-0.283439 -0.241329 -0.0888581 0.923865
1.375
9.25303 141.26 8.81452
1 1 1
-0.0806682 -0.239012 -0.0961324 0.962873
1.5
17.6269 148.85 16.2725
1 1 1
0.115699 -0.127797 -0.150829 0.973413
1.625
21.744 153.462 30.5213
1 1 1
0.217681 -0.00981855 -0.297246 0.929604
1.75
18.3506 148.212 32.967
1 1 1
0.262117 0.102145 -0.312949 0.907151
1.875
14.2914 140.603 25.5012
1 1 1
0.262945 0.168778 -0.269677 0.91085
2
13.7519 134.823 19.9165
1 1 1
0.25674 0.191598 -0.228781 0.919257
2.125
15.0275 132.174 17.6343
1 1 1
0.280601 0.162184 -0.204667 0.923618
2.25
15.0554 132.087 17.6449
1 1 1
0.28165 0.159358 -0.20508 0.923699
0
23.8259 126.3 11.3502
1 1 1
0.0675858 0.457871 -0.425246 0.777786
0.125
25.3269 126.545 13.8741
1 1 1
-0.0458752 0.391276 -0.230795 0.889681
0.25
27.1997 131.93 21.131
1 1 1
-0.242557 0.166076 -0.116124 0.948736
0.375
30.7463 140.133 29.2647
1 1 1
-0.254995 -0.0929411 -0.137037 0.95266
0.5
32.6232 145.609 29.6503
1 1 1
-0.232478 -0.403762 -0.167949 0.868748
0.625
28.9315 141.325 19.7074
1 1 1
-0.243754 -0.583804 -0.335754 0.697873
0.75
22.1207 134.59 17.862
1 1 1
-0.0241504 -0.740634 -0.18953 0.644171
0.875
15.8308 133.351 19.9713
1 1 1
-0.0709729 -0.712476 0.180837 0.674269
1
16.2451 128.35 17.7277
1 1 1
-0.19505 -0.710152 0.287633 0.612297
1.125
17.2763 127.95 17.1521
1 1 1
-0.299631 -0.730953 0.126622 0.599913
1.25
17.2109 130.573 14.9104
1 1 1
-0.479182 -0.630489 -0.0759828 0.605883
1.375
18.8271 136.484 14.7756
1 1 1
-0.467861 -0.406644 -0.129299 0.773969
1.5
27.7178 142.118 17.9617
1 1 1
-0.242978 -0.0831067 -0.180378 0.949483
1.625
29.7721 144.591 27.9026
1 1 1
-0.0381293 0.210717 -0.322474 0.922039
1.75
25.6754 140.042 27.5255
1 1 1
0.0482845 0.400514 -0.41222 0.816904
1.875
21.9127 133.601 18.9518
1 1 1
0.0435893 0.491266 -0.40428 0.770269
2
21.8513 128.623 13.1365
1 1 1
0.0182352 0.472074 -0.39925 0.785756
2.125
23.7782 126.406 11.2968
1 1 1
0.062767 0.457472 -0.423798 0.779214
2.25
23.8251 126.3 11.3517
1 1 1
0.0675997 0.457846 -0.425244 0.777801
0
29.291 110.211 -12.4461
1 1 1
0.0481295 0.410739 -0.420962 0.807321
0.125
41.1934 114.256 -7.39171
1 1 1
-0.0702254 0.27154 -0.214473 0.935594
0.25
53.2816 122.793 11.5788
1 1 1
-0.263012 -0.224437 -0.00158581 0.938323
0.375
58.7135 133.341 34.4312
1 1 1
-0.285005 -0.555329 0.0177422 0.781068
0.5
52.2046 141.956 51.0564
1 1 1
-0.282416 -0.747445 -0.0367743 0.600179
0.625
33.4334 134.836 47.861
1 1 1
0.384508 0.862379 0.149247 -0.293565
0.75
19.3137 128.42 46.3058
1 1 1
0.144243 0.982654 0.116544 0.00183502
0.875
15.4319 144.296 47.0829
1 1 1
-0.0773263 0.978698 -0.188286 0.0267994
1
13.1519 147.502 39.6055
1 1 1
-0.0397831 0.934118 -0.354726 0.00332956
1.125
16.48 145.263 40.7029
1 1 1
0.20579 0.925604 -0.26381 -0.176953
1.25
24.6934 144.425 39.55
1 1 1
0.488192 0.750454 -0.0462741 -0.443109
1.375
38.765 140.345 35.813
1 1 1
-0.483259 -0.49663 -0.0606598 0.718428
1.5
54.9513 132.778 23.0699
1 1 1
-0.261642 -0.190597 -0.141205 0.935563
1.625
49.7695 127.386 15.2892
1 1 1
-0.0704322 0.106191 -0.307154 0.94309
1.75
34.7246 122.766 5.7397
1 1 1
0.0386741 0.371253 -0.40559 0.834369
1.875
26.3712 118.046 -5.40286
1 1 1
0.0561535 0.504815 -0.395629 0.765171
2
27.5995 112.072 -10.2728
1 1 1
0.031633 0.488394 -0.390818 0.779571
2.125
29.3228 110.201 -12.402
1 1 1
0.0474542 0.418115 -0.418785 0.804703
2.25
29.2918 110.211 -12.4442
1 1 1
0.0481433 0.410713 -0.420961 0.807334
0
38.4327 91.2201 -33.3218
1 1 1
0.111444 0.192592 -0.331332 0.916901
0.125
63.7546 101.219 -21.5709
1 1 1
0.0781972 0.0502762 0.0438838 0.994702
0.25
79.9578 126.207 24.0981
1 1 1
-0.134902 -0.444684 0.437788 0.769675
0.375
70.063 143.553 59.8655
1 1 1
0.211206 0.681745 -0.560029 -0.420695
0.5
48.6432 153.17 78.288
1 1 1
0.426998 0.748663 -0.435563 -0.259733
0.625
17.6532 151.91 66.286
1 1 1
0.648784 0.689231 -0.190618 -0.260203
0.75
-9.11666 136.842 47.1961
1 1 1
0.402247 0.909395 -0.0995742 -0.0358191
0.875
-13.8356 139.507 46.3906
1 1 1
0.209924 0.971858 -0.0726542 0.0783895
1
-16.4185 145.227 40.2582
1 1 1
0.240141 0.909613 -0.275559 0.197492
1.125
-8.81461 159.334 47.1995
1 1 1
0.411548 0.788637 -0.453807 0.0523485
1.25
20.8178 167.378 57.9389
1 1 1
0.555792 0.646883 -0.42962 -0.296756
1.375
53.5784 151.999 58.7208
1 1 1
-0.551064 -0.412417 0.365103 0.62685
1.5
81.278 127.898 35.8413
1 1 1
-0.328603 -0.177539 0.258852 0.890784
1.625
73.168 109.756 10.631
1 1 1
-0.103814 0.108278 0.102601 0.983347
1.75
46.4522 103.539 -13.5691
1 1 1
0.0687621 0.345063 -0.0663418 0.933703
1.875
31.6302 101.767 -29.6382
1 1 1
0.065276 0.492382 -0.155982 0.853796
2
34.0505 94.9122 -33.5955
1 1 1
0.0121144 0.432615 -0.240271 0.868888
2.125
38.2103 91.3839 -33.5431
1 1 1
0.100499 0.213284 -0.329363 0.914292
2.25
38.4349 91.2201 -33.3194
1 1 1
0.111455 0.192562 -0.331328 0.916907
0
40.9503 83.7318 -33.616
1 1 1
0.0531955 0.152572 -0.299043 0.94046
0.125
70.4658 97.3828 -19.9153
1 1 1
0.0481735 -0.0145503 0.0660272 0.996548
0.25
81.2067 128.197 31.6463
1 1 1
-0.128171 -0.497927 0.451948 0.728961
0.375
65.0202 145.349 65.6831
1 1 1
0.179923 0.711535 -0.578672 -0.355645
0.5
41.6795 156.185 80.5053
1 1 1
0.404244 0.758752 -0.47393 -0.190455
0.625
12.527 157.876 67.0804
1 1 1
0.654729 0.688506 -0.254029 -0.180995
0.75
-16.6024 138.272 45.0944
1 1 1
0.442983 0.884499 -0.120951 0.0824457
0.875
-20.6913 137.786 42.8497
1 1 1
0.265691 0.940296 -0.0540109 0.205753
1
-22.9077 142.533 36.6348
1 1 1
0.26454 0.870054 -0.246573 0.335003
1.125
-16.5032 159.796 45.4186
1 1 1
0.411146 0.764106 -0.455804 0.198351
1.25
15.1588 172.638 59.6159
1 1 1
0.563672 0.65405 -0.477965 -0.161375
1.375
53.314 158.223 63.588
1 1 1
-0.566743 -0.455823 0.443336 0.523909
1.5
86.1721 130.257 41.5845
1 1 1
-0.355899 -0.256828 0.336724 0.833062
1.625
80.4942 107.647 12.7228
1 1 1
-0.136227 0.0190093 0.171835 0.975476
1.75
52.2349 98.5923 -15.7103
1 1 1
0.0344122 0.266663 -0.00924943 0.963131
1.875
35.5529 95.9408 -33.2671
1 1 1
0.0331644 0.432752 -0.100684 0.895259
2
37.6302 88.1717 -35.657
1 1 1
-0.0297631 0.386048 -0.188343 0.902556
2.125
40.7927 83.9213 -33.9165
1 1 1
0.0431476 0.173028 -0.295288 0.938618
2.25
40.9525 83.7319 -33.6134
1 1 1
0.0532055 0.152542 -0.299041 0.940465
0
42.0155 81.6887 -33.2113
1 1 1
0.19295 0.348419 -0.263133 0.878713
0.125
72.3768 96.4841 -18.9087
1 1 1
0.086051 0.22719 0.10735 0.964083
0.25
81.055 128.763 33.9113
1 1 1
-0.223131 -0.279733 0.452977 0.816562
0.375
63.1992 145.553 67.1374
1 1 1
0.335507 0.579612 -0.549641 -0.49938
0.5
39.4349 156.798 80.7478
1 1 1
0.53182 0.672153 -0.385261 -0.341983
0.625
10.9314 159.544 66.7004
1 1 1
0.718026 0.62121 -0.135679 -0.283067
0.75
-18.4789 138.751 43.7819
1 1 1
0.481316 0.875575 -0.041272 -0.000801179
0.875
-22.2653 137.538 41.1368
1 1 1
0.291931 0.947863 0.0122592 0.12721
1
-24.2404 141.661 34.9213
1 1 1
0.314263 0.903288 -0.171736 0.236257
1.125
-18.4816 159.449 44.219
1 1 1
0.514091 0.778598 -0.350695 0.0806694
1.25
13.1979 173.886 59.3527
1 1 1
0.683744 0.580589 -0.343552 -0.278177
1.375
52.5808 160.236 64.5264
1 1 1
-0.672532 -0.292749 0.319556 0.599902
1.5
87.0315 131.5 43.37
1 1 1
-0.425894 -0.025856 0.276424 0.861124
1.625
82.544 107.584 13.8486
1 1 1
-0.149248 0.268137 0.169442 0.936545
1.75
54.2879 97.4752 -15.8115
1 1 1
0.0796999 0.491922 0.0236636 0.86666
1.875
37.2346 94.4901 -34.0023
1 1 1
0.11272 0.628913 -0.0813601 0.764947
2
39.1828 86.4479 -35.9587
1 1 1
0.0801762 0.578419 -0.185956 0.790204
2.125
41.898 81.8923 -33.5495
1 1 1
0.181896 0.368503 -0.263041 0.872885
2.25
42.0177 81.6887 -33.2086
1 1 1
0.192959 0.34839 -0.263127 0.878724
0
42.7183 80.3499 -33.7172
1 1 1
0.103571 0.251997 -0.180741 0.945042
0.125
73.9011 96.0185 -18.9512
1 1 1
0.0358906 0.157166 0.205857 0.965212
0.25
81.5585 129.561 35.1968
1 1 1
-0.306086 -0.268896 0.513603 0.755128
0.375
62.2965 146.375 68.1635
1 1 1
-0.458275 -0.526596 0.551206 0.457005
0.5
38.2455 157.799 81.1035
1 1 1
0.649872 0.591963 -0.347885 -0.325918
0.625
10.1968 160.958 66.7317
1 1 1
0.796828 0.546872 -0.111859 -0.231265
0.75
-19.7719 139.361 43.0761
1 1 1
0.544554 0.830167 0.0024581 0.119494
0.875
-23.4652 137.598 40.0886
1 1 1
0.347803 0.896816 0.0880487 0.258848
1
-25.329 141.404 33.7848
1 1 1
0.360549 0.869591 -0.0880916 0.325662
1.125
-19.8263 159.759 43.4204
1 1 1
0.595764 0.743001 -0.277287 0.126989
1.25
12.3137 175.212 59.2927
1 1 1
0.781802 0.491306 -0.292083 -0.249182
1.375
52.7876 161.716 65.0838
1 1 1
-0.751084 -0.178009 0.317322 0.550901
1.5
88.2002 132.283 44.1208
1 1 1
-0.483798 0.0657995 0.340613 0.803488
1.625
84.136 107.501 13.879
1 1 1
-0.177139 0.307727 0.276838 0.892909
1.75
55.5079 96.8377 -16.6161
1 1 1
0.0721052 0.479026 0.141419 0.863329
1.875
37.9594 93.6302 -35.1324
1 1 1
0.108549 0.588566 0.0321715 0.800483
2
39.8609 85.3013 -36.8347
1 1 1
0.04549 0.518286 -0.074414 0.850748
2.125
42.5942 80.559 -34.0782
1 1 1
0.0961928 0.275299 -0.177374 0.939944
2.25
42.7205 80.3499 -33.7145
1 1 1
0.103577 0.251966 -0.180737 0.94505
0
44.3633 78.4116 -33.88
1 1 1
0.103571 0.251997 -0.180741 0.945042
0.125
76.4121 95.7799 -18.5933
1 1 1
0.0358906 0.157166 0.205857 0.965212
0.25
82.0807 131.303 36.9802
1 1 1
-0.306086 -0.268896 0.513603 0.755128
0.375
60.8765 148.168 69.2839
1 1 1
-0.458275 -0.526596 0.551206 0.457005
0.5
36.7852 159.877 81.3031
1 1 1
0.649872 0.591963 -0.347885 -0.325918
0.625
9.51515 163.397 66.4494
1 1 1
0.796828 0.546872 -0.111859 -0.231265
0.75
-21.3189 140.539 41.4302
1 1 1
0.544554 0.830167 0.0024581 0.119494
0.875
-24.7567 138.047 37.9393
1 1 1
0.347803 0.896816 0.0880487 0.258848
1
-26.5775 141.261 31.5689
1 1 1
0.360549 0.869591 -0.0880916 0.325662
1.125
-21.5855 160.57 41.7658
1 1 1
0.595764 0.743001 -0.277287 0.126989
1.25
11.489 177.579 58.8421
1 1 1
0.781802 0.491306 -0.292083 -0.249182
1.375
53.5656 164.123 65.3835
1 1 1
-0.751084 -0.178009 0.317322 0.550901
1.5
90.1397 133.832 44.6926
1 1 1
-0.483798 0.0657995 0.340613 0.803488
1.625
86.6349 107.923 13.6194
1 1 1
-0.177139 0.307727 0.276838 0.892909
1.75
57.6616 96.3865 -17.8996
1 1 1
0.0721052 0.479026 0.141419 0.863329
1.875
39.5561 92.719 -36.896
1 1 1
0.108549 0.588566 0.0321715 0.800483
2
41.5512 83.8464 -38.066
1 1 1
0.04549 0.518286 -0.074414 0.850748
2.125
44.2546 78.6417 -34.316
1 1 1
0.0961928 0.275299 -0.177374 0.939944
2.25
44.3655 78.4116 -33.8772
1 1 1
0.103577 0.251966 -0.180737 0.94505
0
48.3817 82.5598 -36.4269
1 1 1
0.0621933 0.15693 -0.432559 0.885662
0.125
77.2092 101.743 -20.047
1 1 1
0.0725246 3.95145e-05 -0.100493 0.992291
0.25
80.766 136.021 33.4067
1 1 1
-0.0172977 -0.507025 0.306294 0.805488
0.375
60.4318 151.845 64.5671
1 1 1
0.0164503 0.731707 -0.493134 -0.470268
0.5
39.7148 163.325 77.396
1 1 1
0.231437 0.826929 -0.427802 -0.282155
0.625
15.3745 165.254 65.6844
1 1 1
0.541271 0.777159 -0.233666 -0.220112
0.75
-18.6794 145.986 44.2706
1 1 1
0.381396 0.909561 -0.151806 0.0647415
0.875
-25.5302 143.982 41.2113
1 1 1
0.215399 0.952893 -0.100904 0.188194
1
-26.6217 147.641 31.6739
1 1 1
0.157625 0.8973 -0.319506 0.260622
1.125
-18.5458 165.056 39.7038
1 1 1
0.238139 0.8323 -0.500351 0.0146628
1.25
15.4843 179.628 55.6746
1 1 1
0.349409 0.762612 -0.390097 -0.379686
1.375
56.1603 165.154 60.6965
1 1 1
-0.387503 -0.555127 0.222966 0.7014
1.5
90.6285 136.759 40.0465
1 1 1
-0.235376 -0.281692 0.0380741 0.929407
1.625
86.4382 112.48 10.3132
1 1 1
-0.0996282 0.0451759 -0.13171 0.985234
1.75
58.1862 101.725 -20.0995
1 1 1
0.00739055 0.311552 -0.264898 0.912529
1.875
40.0484 98.0414 -39.582
1 1 1
-0.0218807 0.455273 -0.305092 0.836162
2
42.8055 88.5937 -41.7839
1 1 1
-0.0617523 0.386001 -0.356162 0.848728
2.125
48.1 82.8133 -37.059
1 1 1
0.0493591 0.176534 -0.431224 0.883428
2.25
48.384 82.5599 -36.4238
1 1 1
0.0622075 0.156902 -0.432557 0.885667
0
49.6486 80.9191 -37.156
1 1 1
0.0456243 0.177172 -0.553026 0.812829
0.125
79.3623 101.305 -20.0792
1 1 1
0.073222 0.0298535 -0.266648 0.960545
0.25
81.4213 137.144 35.1782
1 1 1
0.0802844 -0.4827 0.134671 0.861637
0.375
59.2075 152.917 66.0437
1 1 1
0.137478 -0.705403 0.373879 0.586277
0.5
38.1027 164.696 77.9862
1 1 1
0.0579593 0.850858 -0.352023 -0.385695
0.625
14.6776 167.329 65.8803
1 1 1
0.432806 0.840858 -0.193559 -0.261096
0.75
-20.219 147.468 43.7574
1 1 1
0.351173 0.922073 -0.152559 0.056422
0.875
-27.3681 144.801 40.3276
1 1 1
0.214123 0.953217 -0.101124 0.187889
1
-28.4114 147.897 30.4248
1 1 1
0.111032 0.905903 -0.332145 0.238099
1.125
-20.4931 165.894 39.1265
1 1 1
0.130423 0.856974 -0.494362 -0.0647493
1.25
14.457 181.45 56.3481
1 1 1
0.205637 0.807517 -0.30385 -0.461849
1.375
56.785 166.786 62.028
1 1 1
-0.268928 -0.608157 0.0646755 0.74407
1.5
92.4708 137.206 41.1577
1 1 1
-0.171968 -0.304538 -0.162387 0.922667
1.625
88.5504 111.89 10.1752
1 1 1
-0.103915 0.0446891 -0.329524 0.937347
1.75
59.6487 100.673 -21.3576
1 1 1
-0.0458803 0.325023 -0.430691 0.84069
1.875
40.9258 96.8765 -41.2257
1 1 1
-0.0936002 0.459555 -0.443163 0.763974
2
43.7906 87.1605 -43.127
1 1 1
-0.114799 0.385354 -0.483614 0.777458
2.125
49.3433 81.1774 -37.838
1 1 1
0.0300189 0.1948 -0.552151 0.810112
2.25
49.651 80.9192 -37.1528
1 1 1
0.0456423 0.177146 -0.553024 0.812835
0
50.1401 79.5864 -37.6669
1 1 1
0.011498 0.183298 -0.685357 0.704667
0.125
80.6545 100.538 -20.2247
1 1 1
0.0638973 0.0430866 -0.434452 0.897392
0.25
82.1726 137.377 36.4666
1 1 1
0.166354 -0.459084 -0.0300051 0.872163
0.375
58.7926 153.286 67.4474
1 1 1
0.266967 -0.666944 0.253527 0.647794
0.5
37.0524 165.255 78.9153
1 1 1
-0.0981748 0.847929 -0.272618 -0.443913
0.625
13.9394 168.58 66.2901
1 1 1
0.29484 0.899734 -0.14893 -0.285252
0.75
-21.3466 148.419 43.4385
1 1 1
0.233366 0.958352 -0.158827 0.0433178
0.875
-28.6326 145.36 39.7215
1 1 1
0.110577 0.969207 -0.120792 0.183903
1
-29.7125 147.962 29.6622
1 1 1
0.0159703 0.910894 -0.354149 0.211178
1.125
-21.9386 166.329 39.0992
1 1 1
0.0397228 0.866922 -0.485306 -0.106523
1.25
13.7191 182.375 57.2853
1 1 1
0.118609 0.82869 -0.254593 -0.484136
1.375
57.1652 167.425 63.3416
1 1 1
-0.20022 -0.639868 -0.0175613 0.741737
1.5
93.6207 136.911 42.0904
1 1 1
-0.136469 -0.328661 -0.27235 0.893971
1.625
89.7261 110.944 10.1522
1 1 1
-0.112446 0.0263755 -0.449971 0.885543
1.75
60.2793 99.5352 -22.1228
1 1 1
-0.0957227 0.31268 -0.54636 0.771077
1.875
41.2049 95.7246 -42.1604
1 1 1
-0.166885 0.438425 -0.555099 0.686875
2
44.1458 85.8919 -43.8639
1 1 1
-0.179739 0.361035 -0.604299 0.687147
2.125
49.8179 79.8447 -38.3644
1 1 1
-0.00683658 0.197896 -0.68357 0.702512
2.25
50.1425 79.5865 -37.6637
1 1 1
0.0115203 0.183276 -0.685357 0.704673
0
50.2059 78.0387 -38.1838
1 1 1
0.011498 0.183298 -0.685357 0.704667
0.125
81.734 99.3406 -20.4855
1 1 1
0.0638973 0.0430866 -0.434452 0.897392
0.25
83.1453 137.143 37.7573
1 1 1
0.166354 -0.459084 -0.0300051 0.872163
0.375
58.7379 153.344 69.0785
1 1 1
0.266967 -0.666944 0.253527 0.647794
0.5
36.0952 165.483 80.2186
1 1 1
-0.0981748 0.847929 -0.272618 -0.443913
0.625
12.9306 169.66 66.9847
1 1 1
0.29484 0.899734 -0.14893 -0.285252
0.75
-22.7507 149.22 43.2054
1 1 1
0.233366 0.958352 -0.158827 0.0433178
0.875
-30.1055 145.738 39.1262
1 1 1
0.110577 0.969207 -0.120792 0.183903
1
-31.1989 147.868 28.9924
1 1 1
0.0159703 0.910894 -0.354149 0.211178
1.125
-23.5177 166.701 39.2855
1 1 1
0.0397228 0.866922 -0.485306 -0.106523
1.25
12.9396 183.19 58.466
1 1 1
0.118609 0.82869 -0.254593 -0.484136
1.375
57.5344 167.868 64.8694
1 1 1
-0.20022 -0.639868 -0.0175613 0.741737
1.5
94.7364 136.317 43.1243
1 1 1
-0.136469 -0.328661 -0.27235 0.893971
1.625
90.7587 109.679 10.1698
1 1 1
-0.112446 0.0263755 -0.449971 0.885543
1.75
60.6589 98.11 -22.8241
1 1 1
-0.0957227 0.31268 -0.54636 0.771077
1.875
41.2195 94.287 -42.9351
1 1 1
-0.166885 0.438425 -0.555099 0.686875
2
44.1877 84.3557 -44.4165
1 1 1
-0.179739 0.361035 -0.604299 0.687147
2.125
49.8701 78.2947 -38.8761
1 1 1
-0.00683658 0.197896 -0.68357 0.702512
2.25
50.2084 78.0387 -38.1805
1 1 1
0.0115203 0.183276 -0.685357 0.704673
0
47.6832 83.8241 -38.9149
1 1 1
0.0671816 0.20447 -0.474344 0.853626
0.125
76.7358 102.466 -22.791
1 1 1
0.0552353 0.0595186 -0.148764 0.985533
0.25
82.855 136.605 31.5168
1 1 1
-0.039796 -0.468876 0.241039 0.848806
0.375
62.7698 153.497 64.2801
1 1 1
-0.0374024 -0.724312 0.424515 0.541997
0.5
42.0887 164.508 78.5098
1 1 1
0.238629 0.835857 -0.348851 -0.350289
0.625
17.3553 164.923 67.7442
1 1 1
0.540041 0.781845 -0.149797 -0.273195
0.75
-17.9423 146.518 47.0002
1 1 1
0.37665 0.920049 -0.106259 -0.0188081
0.875
-25.6181 144.702 43.9953
1 1 1
0.214327 0.968826 -0.0772655 0.097312
1
-26.9839 149.523 33.8189
1 1 1
0.172761 0.924823 -0.286921 0.180368
1.125
-17.4039 167.213 41.2256
1 1 1
0.266818 0.855284 -0.441819 -0.0457532
1.25
18.1188 180.136 56.7125
1 1 1
0.385924 0.761512 -0.312898 -0.416241
1.375
58.7287 163.947 60.2225
1 1 1
-0.432084 -0.529075 0.149865 0.714789
1.5
91.7949 135.467 37.7559
1 1 1
-0.282774 -0.232803 -0.0146803 0.93039
1.625
85.6829 112.104 7.56284
1 1 1
-0.141455 0.104677 -0.163798 0.970672
1.75
56.3157 102.538 -22.1285
1 1 1
-0.024591 0.371025 -0.283706 0.883882
1.875
37.7398 99.1201 -40.9174
1 1 1
-0.0477655 0.505429 -0.327083 0.797042
2
40.7335 89.5807 -43.5185
1 1 1
-0.0764841 0.43056 -0.391538 0.809609
2.125
47.2748 84.057 -39.5184
1 1 1
0.0529125 0.223716 -0.472811 0.850647
2.25
47.6857 83.8242 -38.9118
1 1 1
0.0671959 0.20444 -0.474342 0.853633
0
48.7485 82.0369 -39.8579
1 1 1
0.0377809 0.229229 -0.620211 0.749243
0.125
78.9028 101.811 -23.0965
1 1 1
0.0454373 0.0892297 -0.338786 0.93552
0.25
83.8695 137.625 33.2913
1 1 1
0.0576798 -0.44717 0.0498131 0.891196
0.375
61.834 154.672 66.0012
1 1 1
0.118104 -0.700994 0.289364 0.641037
0.5
40.6251 165.978 79.4672
1 1 1
0.0664269 0.859516 -0.262869 -0.433265
0.625
16.7443 167.039 68.3505
1 1 1
0.433115 0.842977 -0.104653 -0.301412
0.75
-19.577 148.11 46.8964
1 1 1
0.344363 0.932681 -0.104168 -0.0258695
0.875
-27.6494 145.616 43.4889
1 1 1
0.214867 0.968697 -0.077229 0.0974344
1
-28.9833 150.017 32.8304
1 1 1
0.146477 0.93002 -0.291556 0.169119
1.125
-19.3534 168.348 40.8658
1 1 1
0.195126 0.87486 -0.433724 -0.0918123
1.25
17.3064 182.074 57.609
1 1 1
0.287513 0.799668 -0.250743 -0.463675
1.375
59.6316 165.481 61.6545
1 1 1
-0.350421 -0.576634 0.0346845 0.737221
1.5
93.8307 135.705 38.7645
1 1 1
-0.241244 -0.259862 -0.169243 0.919581
1.625
87.7946 111.31 7.20451
1 1 1
-0.154171 0.0962225 -0.326909 0.927417
1.75
57.6034 101.351 -23.5948
1 1 1
-0.0827895 0.376878 -0.431349 0.815504
1.875
38.3683 97.8187 -42.6866
1 1 1
-0.128878 0.503651 -0.461209 0.719036
2
41.4705 87.982 -44.9742
1 1 1
-0.144023 0.424983 -0.529373 0.720008
2.125
48.3092 82.2735 -40.5022
1 1 1
0.0203244 0.24545 -0.618026 0.746582
2.25
48.7511 82.0369 -39.8548
1 1 1
0.0378003 0.229202 -0.62021 0.749251
0
49.0484 79.8588 -40.7902
1 1 1
0.00411262 0.247535 -0.756126 0.605792
0.125
80.7048 100.316 -23.5688
1 1 1
0.0364158 0.110294 -0.479778 0.869668
0.25
85.2908 137.714 35.2085
1 1 1
0.106632 -0.427631 -0.0492712 0.896289
0.375
61.4752 155.162 68.3108
1 1 1
0.163943 -0.68664 0.245452 0.664381
0.5
39.1546 166.794 81.1626
1 1 1
0.0412791 0.859767 -0.249463 -0.443695
0.625
15.6861 168.933 69.3477
1 1 1
0.437824 0.84068 -0.106603 -0.300339
0.75
-21.3956 149.657 46.8403
1 1 1
0.376602 0.920069 -0.106258 -0.0188178
0.875
-29.7717 146.574 42.9589
1 1 1
0.261263 0.956623 -0.0734792 0.105903
1
-31.1325 150.432 31.8752
1 1 1
0.187622 0.921511 -0.284177 0.186703
1.125
-21.5195 169.354 40.8453
1 1 1
0.222251 0.868294 -0.437156 -0.0745961
1.25
16.34 183.727 59.0358
1 1 1
0.298382 0.796205 -0.257657 -0.458954
1.375
60.4259 166.568 63.6269
1 1 1
-0.345511 -0.578942 0.0280672 0.738012
1.5
95.7595 135.261 40.1009
1 1 1
-0.231128 -0.264927 -0.203046 0.913874
1.625
89.6281 109.791 7.01896
1 1 1
-0.157975 0.092141 -0.388902 0.902945
1.75
58.4244 99.5218 -24.8923
1 1 1
-0.115339 0.375158 -0.510931 0.76479
1.875
38.5288 95.9247 -44.1324
1 1 1
-0.188181 0.491927 -0.554186 0.644573
2
41.6574 85.8691 -46.0716
1 1 1
-0.203294 0.407546 -0.643598 0.615109
2.125
48.5852 80.0935 -41.4375
1 1 1
-0.0158002 0.259777 -0.752258 0.605289
2.25
49.0511 79.8588 -40.787
1 1 1
0.00413681 0.247513 -0.756126 0.6058
0
48.5827 78.2583 -41.3263
1 1 1
0.00411262 0.247535 -0.756126 0.605792
0.125
81.607 98.8693 -23.966
1 1 1
0.0364158 0.110294 -0.479778 0.869668
0.25
86.3928 137.399 36.5322
1 1 1
0.106632 -0.427631 -0.0492712 0.896289
0.375
61.3642 155.339 70.0492
1 1 1
0.163943 -0.68664 0.245452 0.664381
0.5
38.0991 167.306 82.4623
1 1 1
0.0412791 0.859767 -0.249463 -0.443695
0.625
14.9223 170.334 70.0684
1 1 1
0.437824 0.84068 -0.106603 -0.300339
0.75
-22.6485 150.877 46.7609
1 1 1
0.376602 0.920069 -0.106258 -0.0188178
0.875
-31.2443 147.422 42.537
1 1 1
0.261263 0.956623 -0.0734792 0.105903
1
-32.638 150.852 31.086
1 1 1
0.187622 0.921511 -0.284177 0.186703
1.125
-23.0779 170.144 40.7319
1 1 1
0.222251 0.868294 -0.437156 -0.0745961
1.25
15.6385 184.973 60.0462
1 1 1
0.298382 0.796205 -0.257657 -0.458954
1.375
61.0004 167.341 65.0891
1 1 1
-0.345511 -0.578942 0.0280672 0.738012
1.5
97.1203 134.826 41.113
1 1 1
-0.231128 -0.264927 -0.203046 0.913874
1.625
90.8197 108.511 6.9427
1 1 1
-0.157975 0.092141 -0.388902 0.902945
1.75
58.7683 98.002 -25.6907
1 1 1
-0.115339 0.375158 -0.510931 0.76479
1.875
38.3568 94.3496 -44.8776
1 1 1
-0.188181 0.491927 -0.554186 0.644573
2
41.3762 84.1927 -46.4913
1 1 1
-0.203294 0.407546 -0.643598 0.615109
2.125
48.1182 78.4847 -41.9465
1 1 1
-0.0158002 0.259777 -0.752258 0.605289
2.25
48.5854 78.2584 -41.3231
1 1 1
0.00413681 0.247513 -0.756126 0.6058
0
46.2556 85.1935 -41.0227
1 1 1
0.0689918 0.243592 -0.524814 0.812695
0.125
75.5724 102.743 -25.4227
1 1 1
0.0540324 0.0967693 -0.196065 0.974307
0.25
84.9001 136.373 29.4871
1 1 1
-0.0319011 -0.446183 0.208172 0.869809
0.375
65.5008 154.424 64.0872
1 1 1
-0.0332615 -0.712007 0.410122 0.568981
0.5
44.601 164.915 79.8803
1 1 1
0.240137 0.828629 -0.338153 -0.375979
0.625
18.9991 163.836 69.8593
1 1 1
0.545967 0.769645 -0.126762 -0.305774
0.75
-16.989 146.249 49.7159
1 1 1
0.389045 0.914498 -0.0837317 -0.0729775
0.875
-25.184 144.781 46.8521
1 1 1
0.231198 0.970122 -0.0627452 0.0383965
1
-26.928 150.834 36.3947
1 1 1
0.202369 0.928706 -0.275655 0.143408
1.125
-16.0638 168.758 43.2688
1 1 1
0.29392 0.848272 -0.437034 -0.0552025
1.25
20.6458 179.899 58.096
1 1 1
0.401384 0.751926 -0.318546 -0.414762
1.375
60.913 162.064 60.0323
1 1 1
-0.438211 -0.522951 0.157533 0.713917
1.5
92.4452 133.563 35.6803
1 1 1
-0.2831 -0.229516 -0.013907 0.931119
1.625
84.3257 111.27 5.15088
1 1 1
-0.141452 0.111389 -0.174754 0.968011
1.75
53.8939 103.031 -23.628
1 1 1
-0.0295136 0.384772 -0.304332 0.870897
1.875
35.052 99.9752 -41.5504
1 1 1
-0.0599065 0.52332 -0.356765 0.771535
2
38.2066 90.5204 -44.5616
1 1 1
-0.0877704 0.45333 -0.433416 0.773912
2.125
45.7376 85.4001 -41.5652
1 1 1
0.0535763 0.261293 -0.522799 0.809653
2.25
46.2582 85.1936 -41.0197
1 1 1
0.0690089 0.243566 -0.524811 0.812703
0
46.9715 83.4184 -42.0373
1 1 1
0.02834 0.269873 -0.679846 0.681304
0.125
77.5317 101.938 -25.8771
1 1 1
0.0369395 0.126758 -0.393013 0.910005
0.25
86.0161 137.219 31.1399
1 1 1
0.0592433 -0.423524 0.0174899 0.903776
0.375
64.7419 155.538 65.7833
1 1 1
0.107944 -0.690656 0.280842 0.657624
0.5
43.297 166.328 80.8783
1 1 1
0.0887713 0.851434 -0.257926 -0.447945
0.625
18.5293 165.825 70.579
1 1 1
0.45652 0.823009 -0.0848255 -0.327185
0.75
-18.4764 147.817 49.8638
1 1 1
0.364968 0.924258 -0.0807122 -0.0776624
0.875
-27.1123 145.743 46.6278
1 1 1
0.228865 0.970688 -0.0627817 0.0379993
1
-28.8277 151.477 35.5759
1 1 1
0.15438 0.938896 -0.281753 0.123518
1.125
-17.8426 169.943 42.9151
1 1 1
0.18655 0.878558 -0.422087 -0.123196
1.25
19.9228 181.779 58.8932
1 1 1
0.260831 0.805284 -0.228249 -0.481026
1.375
61.7869 163.544 61.3507
1 1 1
-0.323106 -0.587219 -0.00388616 0.742133
1.5
94.3824 133.788 36.6233
1 1 1
-0.22572 -0.264768 -0.22341 0.910514
1.625
86.306 110.469 4.79082
1 1 1
-0.158519 0.0994593 -0.387107 0.902844
1.75
55.0176 101.833 -25.0409
1 1 1
-0.105548 0.388603 -0.486803 0.775158
1.875
35.4804 98.6468 -43.2072
1 1 1
-0.161564 0.515502 -0.513293 0.666847
2
38.6688 88.8947 -45.9169
1 1 1
-0.170523 0.441748 -0.586173 0.657405
2.125
46.424 83.6268 -42.6031
1 1 1
0.00958929 0.283925 -0.677482 0.678464
2.25
46.9743 83.4184 -42.0342
1 1 1
0.0283621 0.269851 -0.679845 0.681313
0
46.8401 81.7091 -42.7995
1 1 1
0.0237043 -0.282307 0.818541 -0.499732
0.125
78.768 100.614 -26.3644
1 1 1
0.0160501 0.144984 -0.562635 0.813734
0.25
87.218 137.184 32.58
1 1 1
0.124126 -0.399597 -0.124624 0.899657
0.375
64.5322 155.951 67.6013
1 1 1
0.188553 -0.668337 0.199322 0.691408
0.5
42.2033 167.046 82.2235
1 1 1
0.0121122 0.854563 -0.215417 -0.472409
0.625
17.8369 167.339 71.4441
1 1 1
0.402845 0.850457 -0.0630441 -0.332361
0.75
-19.8301 149.106 50.0226
1 1 1
0.321941 0.940194 -0.0772901 -0.0800913
0.875
-28.7865 146.567 46.4355
1 1 1
0.179187 0.981052 -0.064555 0.0355188
1
-30.5572 151.891 34.9775
1 1 1
0.0760857 0.948964 -0.290257 0.0971073
1.125
-19.5313 170.753 43.0257
1 1 1
0.0760928 0.894562 -0.40094 -0.182253
1.25
19.1701 182.979 60.1234
1 1 1
-0.130372 -0.831805 0.144104 0.519939
1.375
62.3691 164.245 62.9907
1 1 1
-0.212497 -0.626381 -0.142489 0.736335
1.5
95.8083 133.249 37.7171
1 1 1
-0.167874 -0.290368 -0.39931 0.853262
1.625
87.5827 109.098 4.68413
1 1 1
-0.170614 0.0792216 -0.56509 0.803298
1.75
55.4378 100.263 -25.9785
1 1 1
-0.178241 0.3705 -0.640349 0.648778
1.875
35.3708 97.0499 -44.1859
1 1 1
-0.261802 0.479806 -0.647617 0.530884
2
38.5234 87.1661 -46.6315
1 1 1
-0.255585 0.404518 -0.72045 0.50199
2.125
46.2754 81.9123 -43.3503
1 1 1
0.0450724 -0.291549 0.815505 -0.497915
2.25
46.8429 81.7091 -42.7965
1 1 1
0.0236778 -0.282291 0.818541 -0.499741
0
45.7468 79.8432 -43.383
1 1 1
0.0237043 -0.282307 0.818541 -0.499732
0.125
79.5276 98.5924 -26.9604
1 1 1
0.0160501 0.144984 -0.562635 0.813734
0.25
88.6947 136.5 34.1193
1 1 1
0.124126 -0.399597 -0.124624 0.899657
0.375
64.591 156.05 69.8383
1 1 1
0.188553 -0.668337 0.199322 0.691408
0.5
40.9751 167.592 84.0151
1 1 1
0.0121122 0.854563 -0.215417 -0.472409
0.625
16.8588 168.99 72.5987
1 1 1
0.402845 0.850457 -0.0630441 -0.332361
0.75
-21.5483 150.523 50.2626
1 1 1
0.321941 0.940194 -0.0772901 -0.0800913
0.875
-30.8632 147.385 46.2454
1 1 1
0.179187 0.981052 -0.064555 0.0355188
1
-32.7236 152.134 34.4626
1 1 1
0.0760857 0.948964 -0.290257 0.0971073
1.125
-21.5877 171.427 43.6032
1 1 1
0.0760928 0.894562 -0.40094 -0.182253
1.25
18.2407 183.84 61.9706
1 1 1
-0.130372 -0.831805 0.144104 0.519939
1.375
62.799 164.395 65.1839
1 1 1
-0.212497 -0.626381 -0.142489 0.736335
1.5
96.9955 131.955 39.1074
1 1 1
-0.167874 -0.290368 -0.39931 0.853262
1.625
88.3921 107.012 4.7953
1 1 1
-0.170614 0.0792216 -0.56509 0.803298
1.75
55.238 98.1168 -26.5872
1 1 1
-0.178241 0.3705 -0.640349 0.648778
1.875
34.6991 94.9561 -44.6127
1 1 1
-0.261802 0.479806 -0.647617 0.530884
2
37.7085 85.0837 -46.7624
1 1 1
-0.255585 0.404518 -0.72045 0.50199
2.125
45.1789 80.031 -43.8755
1 1 1
0.0450724 -0.291549 0.815505 -0.497915
2.25
45.7497 79.8432 -43.38
1 1 1
0.0236778 -0.282291 0.818541 -0.499741
0
44.56 86.5291 -42.5389
1 1 1
0.0560807 0.25329 -0.572564 0.777734
0.125
74.0525 102.757 -27.5784
1 1 1
0.0489042 0.121478 -0.228275 0.96475
0.25
86.5605 135.63 27.5768
1 1 1
-0.0471882 -0.415488 0.19543 0.887102
0.375
68.1152 154.712 63.8883
1 1 1
-0.0769532 -0.686746 0.405281 0.598502
0.5
46.904 164.715 81.1507
1 1 1
0.294271 0.800119 -0.316592 -0.415912
0.625
20.2452 162.352 71.6483
1 1 1
0.575596 0.731162 -0.0789099 -0.357582
0.75
-15.9308 145.495 52.0114
1 1 1
0.400082 0.901726 -0.0456901 -0.157278
0.875
-24.3771 144.472 49.3443
1 1 1
0.238253 0.968634 -0.0395331 -0.05849
1
-26.5087 151.614 38.8796
1 1 1
0.243112 0.937692 -0.241717 0.0565926
1.125
-14.6907 169.653 45.3352
1 1 1
0.366223 0.838183 -0.387965 -0.113195
1.25
22.7838 179.142 59.4425
1 1 1
0.474397 0.702824 -0.2763 -0.452376
1.375
62.5 159.957 59.9714
1 1 1
-0.492377 -0.450195 0.13415 0.73273
1.5
92.5809 131.546 33.9859
1 1 1
-0.314037 -0.154426 -0.0128158 0.93668
1.625
82.6891 110.318 3.31431
1 1 1
-0.15155 0.174218 -0.166807 0.95857
1.75
51.4254 103.322 -24.5109
1 1 1
-0.0319291 0.429755 -0.302891 0.850028
1.875
32.5011 100.646 -41.575
1 1 1
-0.0690718 0.550982 -0.371359 0.744137
2
35.7481 91.3881 -44.9621
1 1 1
-0.102865 0.467004 -0.465406 0.744798
2.125
43.9601 86.7097 -43.0085
1 1 1
0.0402744 0.270909 -0.569314 0.775156
2.25
44.5628 86.5292 -42.536
1 1 1
0.0560994 0.253265 -0.572562 0.777742
0
44.8978 85.1811 -43.2552
1 1 1
0.0041209 0.279746 -0.751914 0.596951
0.125
75.4069 102.087 -27.9797
1 1 1
0.0239384 0.153511 -0.452025 0.87837
0.25
87.4647 136.234 28.7006
1 1 1
0.0430881 -0.394732 -0.0105429 0.917725
0.375
67.6903 155.636 65.076
1 1 1
0.0568601 -0.675147 0.272334 0.683211
0.5
46.1522 165.863 81.8999
1 1 1
0.159068 0.831143 -0.23584 -0.477785
0.625
20.1175 163.756 72.3237
1 1 1
0.499874 0.781637 -0.0365615 -0.371259
0.75
-16.9164 146.646 52.3977
1 1 1
0.379693 0.910179 -0.041204 -0.160344
0.875
-25.7524 145.201 49.4919
1 1 1
0.235385 0.969321 -0.0392966 -0.0588698
1
-27.8774 152.284 38.5298
1 1 1
0.195314 0.949353 -0.243033 0.0389491
1.125
-15.7947 170.751 45.1876
1 1 1
0.261822 0.876362 -0.365621 -0.172513
1.25
22.5639 180.575 60.0268
1 1 1
-0.343057 -0.769048 0.17998 0.508413
1.375
63.3734 160.958 60.7964
1 1 1
-0.389831 -0.527475 -0.0331063 0.754126
1.5
94.0692 131.66 34.4509
1 1 1
-0.270506 -0.199633 -0.231963 0.912779
1.625
84.0707 109.735 2.87123
1 1 1
-0.184306 0.156769 -0.3922 0.887487
1.75
52.1245 102.474 -25.6228
1 1 1
-0.127235 0.430341 -0.499949 0.740722
1.875
32.6841 99.6627 -42.7768
1 1 1
-0.192612 0.535859 -0.54406 0.616242
2
35.9524 90.154 -45.9
1 1 1
-0.204087 0.445575 -0.63895 0.59292
2.125
44.2806 85.3638 -43.7368
1 1 1
-0.015598 0.292586 -0.748049 0.59546
2.25
44.9006 85.1811 -43.2523
1 1 1
0.00414528 0.279727 -0.751913 0.59696
0
44.5306 84.0363 -43.6901
1 1 1
0.0355153 -0.292311 0.879657 -0.373493
0.125
76.1027 101.081 -28.3521
1 1 1
0.0105335 0.1839 -0.618565 0.763837
0.25
88.3444 136.165 29.6257
1 1 1
0.101829 -0.358008 -0.141051 0.917369
0.375
67.6136 156.013 66.295
1 1 1
0.111981 -0.651035 0.211827 0.720238
0.5
45.5221 166.489 82.8193
1 1 1
-0.12893 -0.828075 0.213724 0.501987
0.625
19.8304 164.79 73.0189
1 1 1
0.509976 0.770692 -0.0347838 -0.380458
0.75
-17.7605 147.546 52.7308
1 1 1
0.429041 0.886887 -0.046104 -0.165016
0.875
-26.8803 145.79 49.6141
1 1 1
0.277417 0.957683 -0.0390611 -0.0660162
1
-29.0543 152.734 38.3138
1 1 1
0.167149 0.955849 -0.241273 0.0141605
1.125
-16.8218 171.499 45.3293
1 1 1
0.150698 0.897908 -0.333251 -0.244939
1.25
22.2473 181.484 60.8685
1 1 1
-0.180857 -0.804713 0.0608728 0.562158
1.375
63.9376 161.42 61.8464
1 1 1
-0.247571 -0.576618 -0.226452 0.744943
1.5
95.1082 131.257 35.0772
1 1 1
-0.197331 -0.22677 -0.468797 0.830581
1.625
84.8931 108.771 2.70032
1 1 1
-0.199775 0.137137 -0.619277 0.746846
1.75
52.2904 101.387 -26.2753
1 1 1
-0.212235 0.409845 -0.682207 0.567078
1.875
32.4716 98.5415 -43.3533
1 1 1
0.299614 -0.490665 0.693049 -0.434927
2
35.6794 88.9528 -46.2421
1 1 1
0.282784 -0.400174 0.77735 -0.394488
2.125
43.9095 84.2132 -44.1524
1 1 1
0.0579171 -0.299651 0.876205 -0.372987
2.25
44.5334 84.0364 -43.6872
1 1 1
0.0354869 -0.292299 0.879658 -0.373503
0
43.2921 82.841 -43.9177
1 1 1
0.0355153 -0.292311 0.879657 -0.373493
0.125
76.3983 99.4348 -28.8169
1 1 1
0.0105335 0.1839 -0.618565 0.763837
0.25
89.5324 135.579 30.7477
1 1 1
0.101829 -0.358008 -0.141051 0.917369
0.375
67.6836 156.263 68.0117
1 1 1
0.111981 -0.651035 0.211827 0.720238
0.5
44.6772 167.215 84.1511
1 1 1
-0.12893 -0.828075 0.213724 0.501987
0.625
19.4652 166.212 73.9451
1 1 1
0.509976 0.770692 -0.0347838 -0.380458
0.75
-18.7837 148.892 53.1275
1 1 1
0.429041 0.886887 -0.046104 -0.165016
0.875
-28.3444 146.713 49.7503
1 1 1
0.277417 0.957683 -0.0390611 -0.0660162
1
-30.6972 153.248 38.0887
1 1 1
0.167149 0.955849 -0.241273 0.0141605
1.125
-18.2965 172.221 45.8924
1 1 1
0.150698 0.897908 -0.333251 -0.244939
1.25
21.677 182.106 62.3858
1 1 1
-0.180857 -0.804713 0.0608728 0.562158
1.375
64.3013 161.354 63.5428
1 1 1
-0.247571 -0.576618 -0.226452 0.744943
1.5
95.887 130.082 36.0915
1 1 1
-0.197331 -0.22677 -0.468797 0.830581
1.625
85.247 107.076 2.81923
1 1 1
-0.199775 0.137137 -0.619277 0.746846
1.75
51.8585 99.7271 -26.5465
1 1 1
-0.212235 0.409845 -0.682207 0.567078
1.875
31.7416 96.9662 -43.3504
1 1 1
0.299614 -0.490665 0.693049 -0.434927
2
34.7943 87.4795 -45.9963
1 1 1
0.282784 -0.400174 0.77735 -0.394488
2.125
42.6792 82.9999 -44.3217
1 1 1
0.0579171 -0.299651 0.876205 -0.372987
2.25
43.295 82.841 -43.9149
1 1 1
0.0354869 -0.292299 0.879658 -0.373503
0
4.37129 132.831 20.9428
1 1 1
0.309643 0.243885 -0.094331 0.91419
0.125
6.15072 134.257 23.3621
1 1 1
0.300744 0.277819 -0.170326 0.896303
0.25
7.86578 141.201 29.0286
1 1 1
0.317427 0.316597 -0.280477 0.848728
0.375
10.1216 149.794 33.0688
1 1 1
0.345672 0.326797 -0.303352 0.825647
0.5
10.6748 152.829 29.8036
1 1 1
0.324916 0.309397 -0.253441 0.857012
0.625
7.78709 149.888 21.2752
1 1 1
0.239984 0.19459 -0.0838983 0.947367
0.75
2.29225 144.561 15.8188
1 1 1
-0.00981832 0.0239536 -0.000763375 0.999665
0.875
-6.25464 136.402 15.2056
1 1 1
-0.343113 -0.12509 -0.0587589 0.929071
1
-6.41374 129.306 14.0498
1 1 1
-0.469256 -0.155687 -0.0742074 0.866056
1.125
-4.17123 130.972 11.1646
1 1 1
-0.455629 -0.0912318 -0.1132 0.878217
1.25
-3.17876 135.251 8.11403
1 1 1
-0.31332 0.0974049 -0.0481269 0.943412
1.375
-1.94834 141.127 8.46569
1 1 1
-0.118887 0.204922 0.0216709 0.97129
1.5
6.45386 149.018 15.4099
1 1 1
0.119277 0.251409 -0.0582549 0.958735
1.625
10.6287 154.719 31.212
1 1 1
0.249194 0.23395 -0.234708 0.90999
1.75
7.48626 149.355 35.4707
1 1 1
0.300366 0.274769 -0.164956 0.898372
1.875
3.85904 141.03 29.5747
1 1 1
0.309451 0.302142 -0.0676646 0.899095
2
3.32443 135.254 24.0021
1 1 1
0.286871 0.278831 -0.107957 0.910112
2.125
4.35639 132.893 20.984
1 1 1
0.308302 0.246263 -0.0969942 0.913727
2.25
4.36993 132.831 20.943
1 1 1
0.309646 0.243855 -0.0943209 0.914198
0
-6.86992 130.617 25.2711
1 1 1
0.0894275 0.789624 0.048682 0.605084
0.125
-4.66214 133.518 29.0663
1 1 1
0.0575333 0.836425 -0.0046321 0.545034
0.25
-1.86654 142.46 36.3565
1 1 1
0.036972 0.869354 -0.0165134 0.492529
0.375
0.705352 151.253 40.7633
1 1 1
0.0539749 0.845182 -0.0466836 0.529693
0.5
0.624337 153.533 36.7674
1 1 1
0.0466537 0.782406 -0.02863 0.620358
0.625
-3.78588 147.943 24.7799
1 1 1
0.013688 0.607015 0.162774 0.777722
0.75
-9.53764 141.45 16.4301
1 1 1
-0.181324 0.281462 0.409107 0.848842
0.875
-18.2499 134.292 13.9166
1 1 1
-0.499226 -0.0408198 0.43057 0.750811
1
-18.4065 127.364 12.4998
1 1 1
-0.62336 -0.242767 0.211183 0.712663
1.125
-16.3932 130.575 10.4809
1 1 1
-0.639718 -0.0679707 0.121387 0.755914
1.25
-14.8356 134.533 11.8024
1 1 1
-0.433578 0.25684 0.170885 0.846665
1.375
-12.5042 138.158 13.9207
1 1 1
-0.360805 0.529821 0.0846276 0.762855
1.5
-4.35479 146.61 20.6421
1 1 1
-0.290221 0.661414 -0.0152692 0.691427
1.625
-0.320501 156.005 36.5472
1 1 1
-0.190332 0.734484 -0.0592271 0.64869
1.75
-3.37467 148.522 41.0695
1 1 1
-0.106121 0.794482 0.00507438 0.597922
1.875
-6.68668 137.761 34.8757
1 1 1
-0.0297731 0.809346 0.0233691 0.586112
2
-7.52337 133.15 29.2843
1 1 1
0.0444858 0.811876 0.0173858 0.581872
2.125
-6.86273 130.724 25.3917
1 1 1
0.0876941 0.791422 0.0488318 0.602974
2.25
-6.87157 130.617 25.2707
1 1 1
0.089426 0.789604 0.048685 0.60511
0
-1.47167 125.428 53.5365
1 1 1
0.0271322 0.986395 0.0875641 -0.13646
0.125
5.15843 131.596 56.541
1 1 1
0.0475373 0.997773 0.0158798 0.044019
0.25
11.3481 141.788 62.4318
1 1 1
0.0312456 0.934597 -0.0172985 0.353911
0.375
11.5772 150.905 67.9051
1 1 1
0.0492543 0.882237 -0.0489095 0.465661
0.5
5.27822 153.244 65.6336
1 1 1
0.0402919 0.807353 -0.03363 0.58773
0.625
-12.0124 140.274 51.7708
1 1 1
0.00798337 0.60618 0.154615 0.780113
0.75
-25.4717 123.418 33.0419
1 1 1
-0.179232 0.269864 0.402442 0.856207
0.875
-35.8472 112.851 23.1695
1 1 1
-0.49973 -0.043571 0.421475 0.755467
1
-40.2696 108.216 9.28075
1 1 1
-0.615711 -0.265508 0.218319 0.709043
1.125
-43.9499 120.814 11.0721
1 1 1
-0.634218 -0.101618 0.136611 0.754174
1.25
-39.3434 131.228 27.4051
1 1 1
-0.43643 0.255433 0.160636 0.847631
1.375
-26.7241 144.65 38.6318
1 1 1
-0.37389 0.671639 -9.85147e-05 0.639615
1.5
-10.1119 158.128 46.8944
1 1 1
-0.261149 0.884727 -0.142885 0.358669
1.625
0.0501108 166.616 63.7917
1 1 1
-0.132498 0.964761 -0.161006 0.160489
1.75
2.21438 153.565 69.3242
1 1 1
-0.0917118 0.99328 -0.068063 0.0187473
1.875
0.385442 138.81 63.2285
1 1 1
-0.0405745 0.998735 -0.00960247 -0.0281192
2
-0.14825 131.095 57.5045
1 1 1
0.0203902 0.996023 0.031923 -0.0806487
2.125
-1.29658 125.6 53.6365
1 1 1
0.0261092 0.986959 0.0863087 -0.133344
2.25
-1.47515 125.428 53.5364
1 1 1
0.0271291 0.986399 0.0875651 -0.136432
0
27.0448 124.549 45.4094
1 1 1
-0.0745914 0.945256 -0.0270291 -0.316537
0.125
34.5743 128.74 59.1019
1 1 1
-0.111165 0.936573 -0.171357 -0.284799
0.25
33.524 140.418 82.088
1 1 1
-0.166848 0.900258 -0.378891 -0.13468
0.375
28.2332 149.678 92.4221
1 1 1
-0.116148 0.901376 -0.416971 -0.0129065
0.5
14.3528 152.487 93.8663
1 1 1
-0.204644 0.889978 -0.30239 0.273166
0.625
-18.458 132.831 79.754
1 1 1
-0.194325 0.791709 -0.143838 0.561022
0.75
-41.2068 105.844 51.0301
1 1 1
-0.0781371 0.517009 0.0975545 0.846805
0.875
-54.8601 92.6681 33.7129
1 1 1
-0.171258 0.243454 0.160521 0.941081
1
-62.9243 89.333 6.08675
1 1 1
-0.227189 -0.186733 0.0413376 0.954886
1.125
-71.8949 110.877 11.6657
1 1 1
-0.337909 -0.0979515 -0.144479 0.924851
1.25
-63.6063 129.764 44.4103
1 1 1
-0.393481 0.339748 -0.240567 0.819678
1.375
-29.6253 159.553 64.1171
1 1 1
-0.459262 0.68067 -0.421417 0.384933
1.5
7.87449 174.877 63.5073
1 1 1
-0.335103 0.744374 -0.573706 -0.0668941
1.625
27.1453 175.734 71.7122
1 1 1
-0.201251 0.787779 -0.51881 -0.264079
1.75
31.3594 159.045 70.0587
1 1 1
-0.204526 0.842789 -0.368315 -0.334992
1.875
29.9058 141.199 61.5391
1 1 1
-0.139662 0.895359 -0.246202 -0.343819
2
29.1061 130.043 52.6999
1 1 1
-0.0569854 0.935577 -0.108214 -0.331266
2.125
27.273 124.754 45.6946
1 1 1
-0.0727104 0.946037 -0.0256816 -0.31475
2.25
27.0418 124.549 45.4109
1 1 1
-0.0745912 0.945265 -0.0270312 -0.31651
0
35.8375 125.603 35.1527
1 1 1
0.0386158 0.959891 -0.0612763 -0.270856
0.125
44.0212 128.823 49.3874
1 1 1
-0.0160092 0.954929 -0.198661 -0.219972
0.25
45.3421 140.764 75.4671
1 1 1
-0.0907379 0.914953 -0.387999 -0.0639043
0.375
41.3925 149.959 89.201
1 1 1
-0.0511589 0.905633 -0.419088 0.0397148
0.5
26.314 158.053 96.9598
1 1 1
-0.160601 0.89542 -0.29363 0.293619
0.625
-11.8091 138.741 89.9756
1 1 1
-0.202802 0.793497 -0.163667 0.549951
0.75
-44.5841 105.092 64.1317
1 1 1
-0.120394 0.533153 0.00880946 0.837362
0.875
-64.5792 90.6397 42.935
1 1 1
-0.19191 0.258823 0.0437695 0.945656
1
-76.2723 88.0824 4.11453
1 1 1
-0.204595 -0.169359 -0.0247392 0.963767
1.125
-84.6725 115.18 10.3075
1 1 1
-0.324995 -0.0739437 -0.140742 0.932257
1.25
-70.1666 139.725 50.8419
1 1 1
-0.357372 0.375489 -0.195101 0.832604
1.375
-23.1977 171.431 65.2225
1 1 1
-0.386998 0.719433 -0.394661 0.420585
1.5
19.0167 177.863 56.3969
1 1 1
-0.253091 0.768365 -0.587671 -0.0142469
1.625
37.0594 173.547 62.737
1 1 1
-0.121866 0.763998 -0.561776 -0.293024
1.75
39.5227 157.978 59.2955
1 1 1
-0.120934 0.851727 -0.407482 -0.306421
1.875
38.0687 140.475 50.7471
1 1 1
-0.0549155 0.9054 -0.281844 -0.312729
2
37.6762 129.518 42.2166
1 1 1
0.0474447 0.945854 -0.144725 -0.286643
2.125
36.1089 125.786 35.4729
1 1 1
0.0402931 0.960231 -0.0598012 -0.269735
2.25
35.835 125.603 35.1548
1 1 1
0.0386169 0.959899 -0.0612751 -0.270828
0
37.7059 125.367 34.0205
1 1 1
0.167111 0.948844 -0.0976899 -0.249451
0.125
46.0048 128.698 48.4502
1 1 1
0.115811 0.950204 -0.227355 -0.178911
0.25
47.4854 141.02 75.0555
1 1 1
0.0415513 0.918988 -0.39205 0.00566294
0.375
43.5715 150.236 89.2649
1 1 1
0.080228 0.902489 -0.407711 0.113355
0.5
28.0192 159.064 97.9081
1 1 1
-0.041383 0.905593 -0.249461 0.340526
0.625
-11.1216 139.844 91.7476
1 1 1
-0.137615 0.803795 -0.11626 0.566974
0.75
-45.5319 105.342 66.0984
1 1 1
-0.110575 0.534013 0.0243564 0.837861
0.875
-66.4738 90.676 44.0476
1 1 1
-0.191077 0.259188 0.046813 0.945579
1
-78.341 88.0349 3.37496
1 1 1
-0.212379 -0.163309 0.0211072 0.963213
1.125
-86.7589 115.651 9.80358
1 1 1
-0.332454 -0.0459654 -0.033636 0.941398
1.25
-71.5771 141.028 51.9096
1 1 1
-0.297408 0.415655 -0.0593386 0.857472
1.375
-22.4359 173.384 65.8811
1 1 1
-0.264392 0.768848 -0.311875 0.491634
1.5
20.9317 178.681 55.6952
1 1 1
-0.123557 0.80086 -0.577455 0.0995125
1.625
38.8142 173.233 61.4523
1 1 1
0.00255736 0.777622 -0.601807 -0.182004
1.75
41.2433 157.882 57.932
1 1 1
0.0133108 0.864071 -0.450115 -0.224947
1.875
39.823 140.306 49.4348
1 1 1
0.0793084 0.907095 -0.325241 -0.25516
2
39.5026 129.139 41.0552
1 1 1
0.179166 0.932883 -0.184383 -0.252253
2.125
37.9795 125.545 34.3452
1 1 1
0.169157 0.948891 -0.0961856 -0.248477
2.25
37.7036 125.367 34.0226
1 1 1
0.167113 0.948851 -0.097685 -0.249424
0
38.9433 124.815 33.3552
1 1 1
0.320304 0.908069 -0.133835 -0.234317
0.125
47.3772 128.243 48.0164
1 1 1
0.245981 0.924779 -0.246895 -0.152706
0.25
48.9896 140.912 75.1203
1 1 1
0.146926 0.909292 -0.387207 0.0408959
0.375
45.0228 150.157 89.6724
1 1 1
0.158924 0.894446 -0.395133 0.136306
0.5
29.1735 159.433 98.8079
1 1 1
0.00309163 0.911476 -0.234123 0.338212
0.625
-10.6398 140.377 93.0751
1 1 1
-0.149218 0.812126 -0.129786 0.548945
0.75
-46.1787 105.458 67.4574
1 1 1
-0.153977 0.543701 -0.0501133 0.82351
0.875
-67.7739 90.692 44.8145
1 1 1
-0.214706 0.263883 -0.0524193 0.938893
1
-79.7686 87.8688 2.9136
1 1 1
-0.202437 -0.152514 -0.0344434 0.966733
1.125
-88.2586 115.7 9.63917
1 1 1
-0.332367 -0.0244811 -0.0234477 0.942541
1.25
-72.5544 141.555 52.9323
1 1 1
-0.267532 0.44616 -0.00269437 0.854026
1.375
-21.8671 174.461 66.7733
1 1 1
-0.185717 0.796314 -0.264256 0.511432
1.5
22.3652 179.153 55.7203
1 1 1
-0.0249606 0.811547 -0.561771 0.158691
1.625
40.2237 172.896 61.0296
1 1 1
0.107326 0.770547 -0.618732 -0.109129
1.75
42.5994 157.542 57.3632
1 1 1
0.135006 0.853436 -0.474843 -0.167169
1.875
41.117 139.838 48.8138
1 1 1
0.2115 0.88532 -0.356118 -0.211318
2
40.7231 128.494 40.4444
1 1 1
0.319886 0.89399 -0.217303 -0.226351
2.125
39.2162 124.989 33.6825
1 1 1
0.321401 0.908086 -0.131952 -0.233816
2.25
38.941 124.815 33.3574
1 1 1
0.320308 0.908076 -0.133826 -0.234291
0
40.134 123.839 32.8097
1 1 1
0.320304 0.908069 -0.133835 -0.234317
0.125
48.7896 127.469 47.7485
1 1 1
0.245981 0.924779 -0.246895 -0.152706
0.25
50.573 140.626 75.3996
1 1 1
0.146926 0.909292 -0.387207 0.0408959
0.375
46.5395 149.967 90.2473
1 1 1
0.158924 0.894446 -0.395133 0.136306
0.5
30.4133 159.786 99.8104
1 1 1
0.00309163 0.911476 -0.234123 0.338212
0.625
-10.1225 141.092 94.4495
1 1 1
-0.149218 0.812126 -0.129786 0.548945
0.75
-46.8919 105.942 68.8444
1 1 1
-0.153977 0.543701 -0.0501133 0.82351
0.875
-69.196 91.1005 45.5057
1 1 1
-0.214706 0.263883 -0.0524193 0.938893
1
-81.2922 87.9401 2.32985
1 1 1
-0.202437 -0.152514 -0.0344434 0.966733
1.125
-89.8773 115.785 9.44047
1 1 1
-0.332367 -0.0244811 -0.0234477 0.942541
1.25
-73.5966 142.007 54.1056
1 1 1
-0.267532 0.44616 -0.00269437 0.854026
1.375
-21.2523 175.468 67.9021
1 1 1
-0.185717 0.796314 -0.264256 0.511432
1.5
23.9086 179.59 56.0263
1 1 1
-0.0249606 0.811547 -0.561771 0.158691
1.625
41.7955 172.475 60.893
1 1 1
0.107326 0.770547 -0.618732 -0.109129
1.75
44.1068 156.994 57.0541
1 1 1
0.135006 0.853436 -0.474843 -0.167169
1.875
42.5033 139.071 48.4175
1 1 1
0.2115 0.88532 -0.356118 -0.211318
2
41.9242 127.479 40.0042
1 1 1
0.319886 0.89399 -0.217303 -0.226351
2.125
40.4056 124.011 33.1374
1 1 1
0.321401 0.908086 -0.131952 -0.233816
2.25
40.1317 123.839 32.812
1 1 1
0.320308 0.908076 -0.133826 -0.234291
0
30.781 121.029 39.3968
1 1 1
0.0245965 -0.840667 -0.0700621 0.536438
0.125
39.348 124.589 54.3606
1 1 1
-0.0209626 0.906061 -0.0428136 -0.420452
0.25
40.38 136.851 80.4235
1 1 1
-0.0856517 0.954761 -0.206865 -0.195708
0.375
35.303 146.161 92.8059
1 1 1
-0.0860322 0.977499 -0.192416 -0.00836713
0.5
21.6446 151.521 96.764
1 1 1
-0.273956 0.923769 -0.0506426 0.262745
0.625
-13.2964 132.109 85.6984
1 1 1
-0.376534 0.76759 0.033174 0.517617
0.75
-40.4335 102.092 57.9454
1 1 1
-0.332087 0.462607 0.090886 0.816978
0.875
-57.2115 88.9005 40.2532
1 1 1
-0.39167 0.187353 0.040545 0.899916
1
-69.7294 85.9405 8.25008
1 1 1
-0.359624 -0.201545 -0.131344 0.901554
1.125
-79.2457 111.07 14.5687
1 1 1
-0.456872 -0.0795995 -0.249538 0.850096
1.25
-65.9442 132.907 51.2772
1 1 1
-0.503961 0.381378 -0.251929 0.732875
1.375
-24.017 163.831 67.6867
1 1 1
-0.497278 0.734083 -0.3762 0.268908
1.5
15.7349 174.363 62.8375
1 1 1
-0.286393 0.786852 -0.511287 -0.193462
1.625
33.7091 171.758 69.8131
1 1 1
-0.106826 0.753735 -0.442269 -0.474205
1.75
36.783 154.822 66.1537
1 1 1
0.118435 -0.802507 0.290762 0.507359
1.875
34.4452 136.729 56.8577
1 1 1
0.0666688 -0.829984 0.155928 0.531384
2
32.797 125.632 47.2754
1 1 1
-0.00445321 -0.853312 0.00279002 0.521374
2.125
31.0163 121.228 39.6903
1 1 1
0.0236827 -0.842997 -0.072257 0.532517
2.25
30.7783 121.029 39.3986
1 1 1
0.0245991 -0.840682 -0.0700613 0.536414
0
30.5653 120.301 37.184
1 1 1
-0.113114 0.979675 0.0331991 -0.162296
0.125
39.7999 123.452 52.3669
1 1 1
-0.137363 0.983143 -0.0867395 -0.0838908
0.25
41.9286 135.611 79.1837
1 1 1
-0.222379 0.939713 -0.241069 0.0968155
0.375
37.2849 145.112 92.1397
1 1 1
-0.18935 0.920687 -0.242416 0.240243
0.5
23.9731 151.656 96.9454
1 1 1
-0.303052 0.828744 -0.0753943 0.464391
0.625
-11.5232 132.808 87.0549
1 1 1
-0.362629 0.682511 0.0119288 0.634458
0.75
-40.2355 102.237 60.2719
1 1 1
-0.294123 0.423025 0.0618265 0.854821
0.875
-58.341 89.0659 42.2952
1 1 1
-0.348285 0.163601 0.0228858 0.922718
1
-72.0126 86.1013 8.73401
1 1 1
-0.312383 -0.274557 -0.110896 0.902628
1.125
-81.2322 112.082 15.2776
1 1 1
-0.429742 -0.223666 -0.191126 0.853678
1.25
-66.1327 134.462 53.0143
1 1 1
-0.498842 0.195536 -0.185654 0.823684
1.375
-22.0064 164.99 67.983
1 1 1
-0.570092 0.605101 -0.306558 0.46354
1.5
17.7805 173.536 62.0601
1 1 1
-0.453394 0.757688 -0.468316 0.03199
1.625
34.6232 169.873 68.7716
1 1 1
-0.301413 0.816264 -0.431138 -0.238711
1.75
37.339 153.178 64.585
1 1 1
-0.287097 0.886971 -0.279665 -0.229446
1.875
34.6058 135.298 55.0138
1 1 1
-0.211373 0.937594 -0.165573 -0.220961
2
32.688 124.567 45.1954
1 1 1
-0.103686 0.977253 -0.0477587 -0.178733
2.125
30.8169 120.507 37.4737
1 1 1
-0.1106 0.980314 0.0342883 -0.159927
2.25
30.5628 120.301 37.1857
1 1 1
-0.113043 0.979689 0.0331939 -0.162263
0
31.6219 119.915 36.0541
1 1 1
-0.224608 0.950353 0.114068 -0.18267
0.125
41.0733 122.954 51.5466
1 1 1
-0.265306 0.96119 -0.0199823 -0.0729818
0.25
43.4892 135.333 79.0129
1 1 1
-0.37675 0.895324 -0.19821 0.131023
0.375
38.8353 144.855 92.4088
1 1 1
-0.359529 0.850619 -0.226415 0.309713
0.5
25.3383 151.9 97.732
1 1 1
-0.442525 0.702796 -0.0840431 0.550623
0.625
-10.6322 133.215 88.3129
1 1 1
-0.475891 0.559216 -0.0225194 0.678452
0.75
-40.2766 102.225 61.8658
1 1 1
-0.39034 0.353689 -0.0227148 0.849719
0.875
-59.1934 89.0788 43.6426
1 1 1
-0.419064 0.110014 -0.0853588 0.897216
1
-73.6001 86.0259 8.86133
1 1 1
-0.319317 -0.347891 -0.231895 0.850431
1.125
-82.7783 112.434 15.4436
1 1 1
-0.43717 -0.360329 -0.276912 0.776122
1.25
-66.9054 135.306 54.1247
1 1 1
-0.562072 0.0133474 -0.235736 0.79267
1.375
-21.1664 166.19 68.6128
1 1 1
0.700777 -0.453217 0.280623 -0.474085
1.5
19.3111 173.829 61.7233
1 1 1
-0.614042 0.68516 -0.389776 0.039786
1.625
35.8981 169.303 68.0018
1 1 1
-0.448755 0.797096 -0.333404 -0.228252
1.75
38.5193 152.717 63.6173
1 1 1
-0.417476 0.862279 -0.187902 -0.216522
1.875
35.6991 134.799 53.966
1 1 1
-0.330897 0.9152 -0.0798495 -0.215732
2
33.7322 124.009 44.1276
1 1 1
-0.21958 0.958075 0.0325702 -0.181152
2.125
31.8764 120.117 36.3478
1 1 1
-0.222637 0.951608 0.11469 -0.178106
2.25
31.6194 119.915 36.0559
1 1 1
-0.224455 0.950402 0.11404 -0.182624
0
33.2494 119.999 34.0959
1 1 1
-0.224608 0.950353 0.114068 -0.18267
0.125
43.1844 122.889 50.1222
1 1 1
-0.265306 0.96119 -0.0199823 -0.0729818
0.25
45.9814 135.749 78.6873
1 1 1
-0.37675 0.895324 -0.19821 0.131023
0.375
41.2427 145.426 93.0159
1 1 1
-0.359529 0.850619 -0.226415 0.309713
0.5
26.9118 153.054 99.3698
1 1 1
-0.442525 0.702796 -0.0840431 0.550623
0.625
-9.90888 134.41 90.4429
1 1 1
-0.475891 0.559216 -0.0225194 0.678452
0.75
-40.7785 102.793 64.298
1 1 1
-0.39034 0.353689 -0.0227148 0.849719
0.875
-60.8532 89.6759 45.4806
1 1 1
-0.419064 0.110014 -0.0853588 0.897216
1
-76.0914 86.384 8.46758
1 1 1
-0.319317 -0.347891 -0.231895 0.850431
1.125
-85.1465 113.132 14.8158
1 1 1
-0.43717 -0.360329 -0.276912 0.776122
1.25
-68.7413 136.789 55.0849
1 1 1
-0.562072 0.0133474 -0.235736 0.79267
1.375
-20.6601 168.595 69.2837
1 1 1
0.700777 -0.453217 0.280623 -0.474085
1.5
21.3208 175.064 60.7609
1 1 1
-0.614042 0.68516 -0.389776 0.039786
1.625
37.7858 169.149 66.2981
1 1 1
-0.448755 0.797096 -0.333404 -0.228252
1.75
40.286 152.74 61.7821
1 1 1
-0.417476 0.862279 -0.187902 -0.216522
1.875
37.3962 134.722 52.0677
1 1 1
-0.330897 0.9152 -0.0798495 -0.215732
2
35.4398 123.816 42.247
1 1 1
-0.21958 0.958075 0.0325702 -0.181152
2.125
33.5207 120.196 34.4036
1 1 1
-0.222637 0.951608 0.11469 -0.178106
2.25
33.2471 119.998 34.0979
1 1 1
-0.224455 0.950402 0.11404 -0.182624
0
37.3721 126.172 37.5186
1 1 1
0.193581 0.943859 -0.109353 -0.244334
0.125
45.2237 130.189 51.6156
1 1 1
0.115265 0.95048 -0.231105 -0.172892
0.25
45.4174 143.016 77.2557
1 1 1
0.0109715 0.920977 -0.389439 0.00437649
0.375
40.9732 152.28 90.8486
1 1 1
0.0245039 0.907254 -0.406106 0.106621
0.5
24.3988 159.421 98.6137
1 1 1
-0.109654 0.896192 -0.258551 0.343463
0.625
-14.5943 138.975 90.657
1 1 1
-0.188264 0.778235 -0.131672 0.58444
0.75
-47.0533 104.738 62.6984
1 1 1
-0.127614 0.495441 0.00987689 0.85916
0.875
-65.7303 89.8032 40.4347
1 1 1
-0.197337 0.211931 0.0368334 0.956445
1
-75.0639 87.1878 1.66181
1 1 1
-0.214055 -0.212923 -0.00951863 0.953286
1.125
-84.1945 113.511 8.01363
1 1 1
-0.346996 -0.100564 -0.0835621 0.928708
1.25
-72.1644 138.431 49.2256
1 1 1
-0.350198 0.367735 -0.107929 0.854683
1.375
-25.9343 171.991 65.9107
1 1 1
-0.340074 0.741908 -0.323839 0.478592
1.5
17.9134 180.406 57.1667
1 1 1
-0.189194 0.80252 -0.560849 0.0749375
1.625
37.3553 176.298 63.5274
1 1 1
-0.0417859 0.808859 -0.551489 -0.199654
1.75
40.4218 160.329 60.6895
1 1 1
-0.0144575 0.877072 -0.423219 -0.226763
1.875
39.396 142.257 52.5742
1 1 1
0.0707022 0.914905 -0.31065 -0.247885
2
39.2442 130.5 44.4197
1 1 1
0.188056 0.932903 -0.186754 -0.243823
2.125
37.6371 126.345 37.8455
1 1 1
0.194424 0.944209 -0.107272 -0.243231
2.25
37.3696 126.172 37.5207
1 1 1
0.193583 0.943866 -0.109348 -0.244307
0
39.2125 125.215 36.5617
1 1 1
0.461167 0.850129 -0.181347 -0.178098
0.125
47.3108 129.506 50.9865
1 1 1
0.367082 0.885736 -0.2723 -0.0810895
0.25
47.7011 142.978 77.2936
1 1 1
0.23917 0.886887 -0.375362 0.123824
0.375
43.2029 152.376 91.3359
1 1 1
0.227102 0.874458 -0.370557 0.215489
0.5
26.0893 160.276 99.8904
1 1 1
0.0612537 0.894945 -0.185644 0.40107
0.625
-14.0324 139.996 92.6217
1 1 1
-0.101248 0.789001 -0.0637467 0.602629
0.75
-48.2157 104.988 64.649
1 1 1
-0.116481 0.496589 0.0293239 0.859635
0.875
-67.8033 89.8333 41.394
1 1 1
-0.195822 0.212757 0.0436494 0.956286
1
-77.1408 87.021 0.725151
1 1 1
-0.230567 -0.2013 0.0686937 0.949525
1.125
-86.4008 113.706 7.45444
1 1 1
-0.360876 -0.048519 0.0957294 0.926418
1.25
-73.7777 139.441 50.4889
1 1 1
-0.24473 0.427803 0.125584 0.861
1.375
-25.2247 173.852 67.0297
1 1 1
-0.116557 0.797141 -0.16192 0.569879
1.5
20.0086 181.292 56.9566
1 1 1
0.0519179 0.819719 -0.505901 0.263496
1.625
39.4496 175.949 62.6842
1 1 1
0.200606 0.785799 -0.585023 0.00501048
1.75
42.4702 159.948 59.7528
1 1 1
0.245393 0.844417 -0.471949 -0.0632984
1.875
41.3768 141.61 51.6383
1 1 1
0.334849 0.857133 -0.37246 -0.120305
2
41.0954 129.491 43.5409
1 1 1
0.450541 0.84141 -0.254927 -0.155093
2.125
39.4785 125.387 36.8915
1 1 1
0.46189 0.850314 -0.178993 -0.177722
2.25
39.2101 125.215 36.5639
1 1 1
0.461171 0.850134 -0.181334 -0.178074
0
40.4334 123.188 36.2379
1 1 1
0.698611 0.668042 -0.239647 -0.0907352
0.125
49.0239 127.848 51.1208
1 1 1
0.567672 0.769997 -0.291233 0.00612422
0.25
49.7428 142.187 78.247
1 1 1
0.387216 0.82848 -0.350894 0.201389
0.375
45.123 151.809 92.6379
1 1 1
0.317673 0.842546 -0.346903 0.262409
0.5
27.6913 160.37 101.659
1 1 1
0.0973616 0.890302 -0.169209 0.411402
0.625
-13.4278 140.561 94.862
1 1 1
-0.133417 0.786187 -0.0888312 0.59684
0.75
-49.422 105.144 66.7042
1 1 1
-0.17305 0.487992 -0.0707586 0.852591
0.875
-69.9662 89.833 42.4066
1 1 1
-0.220774 0.196812 -0.0754624 0.952276
1
-79.3129 86.4878 -0.112132
1 1 1
-0.220351 -0.208793 0.0195065 0.952612
1.125
-88.734 113.199 7.40478
1 1 1
-0.362522 -0.0333541 0.146355 0.919807
1.25
-75.2164 139.425 52.395
1 1 1
-0.183977 0.447168 0.242183 0.841155
1.375
-24.4526 174.737 69.1094
1 1 1
0.0255751 0.796652 -0.0556221 0.60133
1.5
22.0523 181.725 58.1137
1 1 1
0.215619 0.785375 -0.439403 0.37897
1.625
41.6454 175.21 63.2636
1 1 1
0.368941 0.716034 -0.571111 0.158144
1.75
44.5517 158.816 60.0507
1 1 1
0.442612 0.755084 -0.477534 0.0768392
1.875
43.1603 140.025 51.7415
1 1 1
0.546675 0.736412 -0.398525 0.00457282
2
42.3991 127.491 43.4661
1 1 1
0.668316 0.678712 -0.299513 -0.0547415
2.125
40.6968 123.359 36.5646
1 1 1
0.698091 0.669393 -0.237008 -0.0917039
2.25
40.4309 123.188 36.2402
1 1 1
0.698617 0.668045 -0.239627 -0.0907161
0
40.4509 120.879 36.7428
1 1 1
0.698611 0.668042 -0.239647 -0.0907352
0.125
49.864 125.79 51.9246
1 1 1
0.567672 0.769997 -0.291233 0.00612422
0.25
51.2059 141.004 79.678
1 1 1
0.387216 0.82848 -0.350894 0.201389
0.375
46.684 150.974 94.204
1 1 1
0.317673 0.842546 -0.346903 0.262409
0.5
29.21 160.289 103.468
1 1 1
0.0973616 0.890302 -0.169209 0.411402
0.625
-12.8322 141.307 97.0241
1 1 1
-0.133417 0.786187 -0.0888312 0.59684
0.75
-50.6362 105.829 68.6132
1 1 1
-0.17305 0.487992 -0.0707586 0.852591
0.875
-72.1198 90.3781 43.2139
1 1 1
-0.220774 0.196812 -0.0754624 0.952276
1
-81.4687 86.1824 -1.032
1 1 1
-0.220351 -0.208793 0.0195065 0.952612
1.125
-90.9911 112.505 7.51063
1 1 1
-0.362522 -0.0333541 0.146355 0.919807
1.25
-76.3574 138.851 54.3838
1 1 1
-0.183977 0.447168 0.242183 0.841155
1.375
-23.8014 174.799 71.3807
1 1 1
0.0255751 0.796652 -0.0556221 0.60133
1.5
23.5172 181.712 59.9686
1 1 1
0.215619 0.785375 -0.439403 0.37897
1.625
43.2473 174.388 64.795
1 1 1
0.368941 0.716034 -0.571111 0.158144
1.75
45.9612 157.409 61.3242
1 1 1
0.442612 0.755084 -0.477534 0.0768392
1.875
44.111 138.13 52.7873
1 1 1
0.546675 0.736412 -0.398525 0.00457282
2
42.6371 125.269 44.2367
1 1 1
0.668316 0.678712 -0.299513 -0.0547415
2.125
40.7169 121.047 37.0565
1 1 1
0.698091 0.669393 -0.237008 -0.0917039
2.25
40.4484 120.879 36.7451
1 1 1
0.698617 0.668045 -0.239627 -0.0907161
0
38.322 126.278 40.2467
1 1 1
0.281042 0.92278 -0.135874 -0.225899
0.125
45.8875 131.098 54.2781
1 1 1
0.18575 0.939325 -0.248689 -0.14601
0.25
44.9589 144.806 79.4788
1 1 1
0.0605996 0.917372 -0.391455 0.0389776
0.375
39.9256 154.147 92.7907
1 1 1
0.0564021 0.902792 -0.403378 0.138102
0.5
22.0549 160.088 100.169
1 1 1
-0.0888468 0.891913 -0.247687 0.367762
0.625
-17.4451 138.539 90.854
1 1 1
-0.17725 0.768269 -0.117883 0.603695
0.75
-49.0142 104.117 60.6676
1 1 1
-0.121889 0.475445 0.0217763 0.870989
0.875
-66.0872 88.844 37.7313
1 1 1
-0.193597 0.188983 0.0527259 0.961262
1
-73.214 86.1305 -0.291699
1 1 1
-0.218224 -0.233709 0.0167316 0.947353
1.125
-83.1555 111.494 6.22162
1 1 1
-0.35168 -0.112598 -0.0410201 0.928418
1.25
-73.6496 136.49 47.6819
1 1 1
-0.333957 0.362265 -0.0583411 0.868236
1.375
-28.6737 171.748 66.8009
1 1 1
-0.304765 0.748035 -0.289039 0.513828
1.5
16.4857 182.502 58.5545
1 1 1
-0.150337 0.810898 -0.550727 0.12862
1.625
37.2716 178.781 65.0047
1 1 1
-6.99049e-05 0.81954 -0.556013 -0.138576
1.75
40.9844 162.292 62.7349
1 1 1
0.0445703 0.880512 -0.437454 -0.177047
1.875
40.2861 143.617 54.9648
1 1 1
0.140922 0.909877 -0.330568 -0.20734
2
40.2441 131.077 47.07
1 1 1
0.267159 0.914882 -0.211394 -0.216631
2.125
38.5771 126.442 40.5774
1 1 1
0.28141 0.923245 -0.13362 -0.224882
2.25
38.3192 126.278 40.2489
1 1 1
0.281045 0.922787 -0.135866 -0.225872
0
39.925 125.021 39.509
1 1 1
0.590981 0.765417 -0.216518 -0.134156
0.125
47.812 130.185 53.884
1 1 1
0.491135 0.821397 -0.288942 -0.0246165
0.25
47.1027 144.632 79.7365
1 1 1
0.35164 0.843516 -0.357687 0.192069
0.375
41.9955 154.168 93.4294
1 1 1
0.3237 0.836788 -0.341835 0.279558
0.5
23.6011 160.826 101.495
1 1 1
0.14501 0.875404 -0.139534 0.439512
0.625
-16.9939 139.437 92.773
1 1 1
-0.0525966 0.778728 -0.0166375 0.624931
0.75
-50.1991 104.286 62.4733
1 1 1
-0.102696 0.477073 0.0570053 0.870979
0.875
-68.0868 88.7829 38.5626
1 1 1
-0.193583 0.188991 0.0527861 0.961261
1
-75.1425 85.8409 -1.23515
1 1 1
-0.230279 -0.225905 0.0680781 0.944089
1.125
-85.2596 111.488 5.70619
1 1 1
-0.364661 -0.0719007 0.0968065 0.923299
1.25
-75.2326 137.234 48.9603
1 1 1
-0.250025 0.409861 0.133944 0.866926
1.375
-28.0536 173.379 68.0845
1 1 1
-0.113914 0.789754 -0.145055 0.585039
1.5
18.4825 183.337 58.6477
1 1 1
0.0675704 0.817675 -0.490015 0.294495
1.625
39.3548 178.447 64.5125
1 1 1
0.23403 0.784342 -0.5717 0.0565377
1.75
43.0063 161.787 62.144
1 1 1
0.307424 0.82627 -0.471916 -0.00799374
1.875
42.1801 142.764 54.3492
1 1 1
0.422001 0.818875 -0.383885 -0.0631791
2
41.8978 129.819 46.456
1 1 1
0.557656 0.774219 -0.280107 -0.105571
2.125
40.1813 125.186 39.8407
1 1 1
0.590261 0.766693 -0.213744 -0.134488
2.25
39.9223 125.021 39.5112
1 1 1
0.590987 0.765422 -0.216501 -0.134134
0
40.4231 123.215 39.6038
1 1 1
0.82891 0.48992 -0.269317 -0.018851
0.125
48.7808 128.644 54.3406
1 1 1
0.698762 0.646787 -0.29537 0.0784523
0.25
48.3765 143.776 80.8164
1 1 1
0.500279 0.757945 -0.319999 0.269892
0.375
43.1852 153.51 94.7224
1 1 1
0.401223 0.798846 -0.315449 0.318365
0.5
24.6734 160.579 103.014
1 1 1
0.158928 0.872366 -0.132618 0.442868
0.625
-16.5936 139.63 94.5958
1 1 1
-0.0977504 0.777326 -0.0532324 0.619173
0.75
-51.2091 104.283 64.0544
1 1 1
-0.157599 0.470272 -0.044861 0.867176
0.875
-69.8184 88.7298 39.2826
1 1 1
-0.216712 0.172768 -0.0726532 0.958075
1
-76.8098 85.4045 -1.9766
1 1 1
-0.20927 -0.238858 -0.0198415 0.948029
1.125
-87.0812 111.054 5.58955
1 1 1
-0.362684 -0.0801262 0.0695239 0.925854
1.25
-76.4111 137.183 50.4192
1 1 1
-0.236875 0.415196 0.161354 0.863405
1.375
-27.5105 174.035 69.7562
1 1 1
-0.0509619 0.792471 -0.096765 0.600024
1.5
20.0161 183.671 59.6755
1 1 1
0.168205 0.798719 -0.448197 0.364521
1.625
41.0134 177.88 65.1809
1 1 1
0.361873 0.729049 -0.555797 0.169189
1.75
44.5276 160.819 62.6636
1 1 1
0.479428 0.733992 -0.466907 0.115764
1.875
43.3731 141.377 54.763
1 1 1
0.62401 0.670615 -0.395858 0.0646768
2
42.5653 128.088 46.7354
1 1 1
0.771864 0.552675 -0.314046 0.0122941
2.125
40.6822 123.38 39.9273
1 1 1
0.82684 0.49484 -0.266477 -0.0214492
2.25
40.4204 123.215 39.6061
1 1 1
0.828917 0.489921 -0.269293 -0.0188369
0
39.6391 121.495 40.4988
1 1 1
0.82891 0.48992 -0.269317 -0.018851
0.125
48.8041 126.851 55.416
1 1 1
0.698762 0.646787 -0.29537 0.0784523
0.25
49.1161 142.552 82.3414
1 1 1
0.500279 0.757945 -0.319999 0.269892
0.375
44.1791 152.589 96.3154
1 1 1
0.401223 0.798846 -0.315449 0.318365
0.5
25.8387 160.245 104.718
1 1 1
0.158928 0.872366 -0.132618 0.442868
0.625
-16.1458 140.085 96.5869
1 1 1
-0.0977504 0.777326 -0.0532324 0.619173
0.75
-52.3668 104.756 65.7304
1 1 1
-0.157599 0.470272 -0.044861 0.867176
0.875
-71.7626 89.1774 39.9091
1 1 1
-0.216712 0.172768 -0.0726532 0.958075
1
-78.6607 85.2741 -2.94095
1 1 1
-0.20927 -0.238858 -0.0198415 0.948029
1.125
-89.1252 110.663 5.38481
1 1 1
-0.362684 -0.0801262 0.0695239 0.925854
1.25
-77.6723 137.011 52.0784
1 1 1
-0.236875 0.415196 0.161354 0.863405
1.375
-26.9359 174.447 71.7242
1 1 1
-0.0509619 0.792471 -0.096765 0.600024
1.5
21.4331 183.792 61.2084
1 1 1
0.168205 0.798719 -0.448197 0.364521
1.625
42.4371 177.17 66.538
1 1 1
0.361873 0.729049 -0.555797 0.169189
1.75
45.6013 159.574 63.9551
1 1 1
0.479428 0.733992 -0.466907 0.115764
1.875
43.8181 139.733 55.9775
1 1 1
0.62401 0.670615 -0.395858 0.0646768
2
42.164 126.32 47.7776
1 1 1
0.771864 0.552675 -0.314046 0.0122941
2.125
39.9121 121.645 40.8043
1 1 1
0.82684 0.49484 -0.266477 -0.0214492
2.25
39.6364 121.495 40.5011
1 1 1
0.828917 0.489921 -0.269293 -0.0188369
0
38.6839 126.133 42.8555
1 1 1
0.360328 0.895512 -0.159498 -0.206839
0.125
46.0224 131.639 56.8563
1 1 1
0.260781 0.925638 -0.254016 -0.103265
0.25
44.1241 146.07 81.6387
1 1 1
0.119971 0.912416 -0.377339 0.103536
0.375
38.5352 155.48 94.5931
1 1 1
0.101306 0.893053 -0.383692 0.21207
0.5
19.7037 160.217 101.357
1 1 1
-0.0532458 0.874309 -0.210657 0.434018
0.625
-19.9549 137.764 90.6135
1 1 1
-0.162507 0.731252 -0.082793 0.657273
0.75
-50.3446 103.491 58.4776
1 1 1
-0.119889 0.411393 0.0307408 0.903016
0.875
-65.8444 88.0279 35.2347
1 1 1
-0.193879 0.115909 0.0551072 0.972594
1
-71.1494 85.201 -1.6448
1 1 1
-0.225972 -0.301568 0.0257718 0.925921
1.125
-81.8101 109.587 4.99282
1 1 1
-0.374834 -0.169557 -0.00706393 0.911427
1.25
-74.528 134.407 46.3234
1 1 1
-0.349792 0.317645 -0.00257051 0.881329
1.375
-31.0581 170.965 67.6128
1 1 1
-0.305508 0.736146 -0.230932 0.558055
1.5
14.9566 183.979 60.1157
1 1 1
-0.142614 0.822998 -0.515172 0.192183
1.625
36.8524 180.754 66.7048
1 1 1
0.0221176 0.842815 -0.533462 -0.0677673
1.75
41.1515 163.759 64.9208
1 1 1
0.08819 0.889336 -0.433402 -0.116045
1.875
40.6779 144.561 57.3965
1 1 1
0.199403 0.905861 -0.339031 -0.1572
2
40.659 131.376 49.6577
1 1 1
0.336567 0.894456 -0.230263 -0.183443
2.125
38.9285 126.292 43.1873
1 1 1
0.360117 0.896359 -0.156976 -0.205462
2.25
38.681 126.133 42.8577
1 1 1
0.360332 0.895518 -0.159487 -0.206813
0
39.7076 125.021 42.456
1 1 1
0.707607 0.656839 -0.246266 -0.0849024
0.125
47.3399 130.802 56.7646
1 1 1
0.5714 0.770394 -0.281838 0.0237021
0.25
45.6091 145.849 82.0757
1 1 1
0.369078 0.836304 -0.33417 0.229582
0.375
39.926 155.451 95.3069
1 1 1
0.283729 0.846654 -0.330997 0.305149
0.5
20.6693 160.648 102.509
1 1 1
0.0722183 0.867472 -0.144505 0.470527
0.625
-19.8249 138.305 92.0743
1 1 1
-0.108625 0.737247 -0.0330989 0.666012
0.75
-51.3759 103.558 59.6508
1 1 1
-0.114291 0.411969 0.0430558 0.902976
0.875
-67.3563 87.9305 35.6206
1 1 1
-0.19329 0.116458 0.0599134 0.972362
1
-72.4264 84.9133 -2.49974
1 1 1
-0.242373 -0.292709 0.0785812 0.92163
1.125
-83.2835 109.409 4.50129
1 1 1
-0.394156 -0.128031 0.118672 0.902312
1.25
-75.7759 134.761 47.1959
1 1 1
-0.27998 0.36622 0.177647 0.869446
1.375
-30.7603 172.071 68.6767
1 1 1
-0.123197 0.776908 -0.0832115 0.61181
1.5
16.341 184.655 60.3806
1 1 1
0.080812 0.825484 -0.437719 0.347056
1.625
38.4 180.582 66.5631
1 1 1
0.275635 0.793268 -0.527624 0.127922
1.75
42.6486 163.357 64.7177
1 1 1
0.376433 0.807632 -0.44918 0.0653131
1.875
42.0397 143.829 57.1626
1 1 1
0.511877 0.770834 -0.379117 0.00814055
2
41.7631 130.302 49.387
1 1 1
0.659424 0.689734 -0.295484 -0.0460108
2.125
39.9545 125.181 42.7882
1 1 1
0.706024 0.659673 -0.242973 -0.0855896
2.25
39.7047 125.021 42.4583
1 1 1
0.707613 0.656842 -0.246245 -0.0848834
0
39.6873 123.779 42.7591
1 1 1
0.913391 0.286847 -0.28376 0.0539922
0.125
47.782 129.693 57.2231
1 1 1
0.799807 0.515328 -0.27149 0.145048
0.25
46.4044 145.256 82.882
1 1 1
0.577283 0.697077 -0.266348 0.331491
0.375
40.7604 155.095 96.2077
1 1 1
0.436119 0.771288 -0.27051 0.376484
0.5
21.3683 160.662 103.579
1 1 1
0.165513 0.850082 -0.0927314 0.491291
0.625
-19.7108 138.566 93.3206
1 1 1
-0.100598 0.73781 -0.0257303 0.666974
0.75
-52.2157 103.579 60.6145
1 1 1
-0.146881 0.40751 -0.0294446 0.90083
0.875
-68.5909 87.839 35.9398
1 1 1
-0.204558 0.104429 -0.0402787 0.972434
1
-73.47 84.5467 -3.1408
1 1 1
-0.229231 -0.29989 0.0360706 0.92532
1.125
-84.484 109.006 4.32554
1 1 1
-0.399182 -0.113151 0.161522 0.895411
1.25
-76.6307 134.629 48.1372
1 1 1
-0.230578 0.389261 0.28695 0.844375
1.375
-30.4778 172.446 69.8659
1 1 1
0.0156886 0.777428 0.0286881 0.628122
1.5
17.2947 184.873 61.2036
1 1 1
0.257141 0.779286 -0.34938 0.452246
1.625
39.4423 180.196 67.1945
1 1 1
0.466194 0.687579 -0.480071 0.281835
1.75
43.5538 162.654 65.2849
1 1 1
0.597199 0.648717 -0.416076 0.222262
1.875
42.648 142.828 57.6749
1 1 1
0.738667 0.541624 -0.366727 0.162867
2
41.9242 129.105 49.8041
1 1 1
0.866617 0.378436 -0.310953 0.0952296
2.125
39.9396 123.937 43.0825
1 1 1
0.912303 0.293567 -0.280948 0.0508956
2.25
39.6844 123.779 42.7613
1 1 1
0.913399 0.286846 -0.283734 0.0540005
0
38.5007 122.911 43.7257
1 1 1
0.913391 0.286847 -0.28376 0.0539922
0.125
47.2164 128.382 58.2503
1 1 1
0.799807 0.515328 -0.27149 0.145048
0.25
46.6044 144.151 84.2362
1 1 1
0.577283 0.697077 -0.266348 0.331491
0.375
41.3518 154.27 97.6447
1 1 1
0.436119 0.771288 -0.27051 0.376484
0.5
22.1819 160.327 105.103
1 1 1
0.165513 0.850082 -0.0927314 0.491291
0.625
-19.5524 138.888 95.0432
1 1 1
-0.100598 0.73781 -0.0257303 0.666974
0.75
-53.3878 103.883 61.8911
1 1 1
-0.146881 0.40751 -0.0294446 0.90083
0.875
-70.3063 88.052 36.2681
1 1 1
-0.204558 0.104429 -0.0402787 0.972434
1
-74.9084 84.1872 -4.08822
1 1 1
-0.229231 -0.29989 0.0360706 0.92532
1.125
-86.1066 108.338 4.1959
1 1 1
-0.399182 -0.113151 0.161522 0.895411
1.25
-77.5673 134.092 49.5267
1 1 1
-0.230578 0.389261 0.28695 0.844375
1.375
-30.1076 172.34 71.5827
1 1 1
0.0156886 0.777428 0.0286881 0.628122
1.5
18.1017 184.724 62.76
1 1 1
0.257141 0.779286 -0.34938 0.452246
1.625
40.1574 179.544 68.664
1 1 1
0.466194 0.687579 -0.480071 0.281835
1.75
43.8843 161.616 66.6667
1 1 1
0.597199 0.648717 -0.416076 0.222262
1.875
42.3941 141.631 58.9386
1 1 1
0.738667 0.541624 -0.366727 0.162867
2
41.009 128.055 50.8792
1 1 1
0.866617 0.378436 -0.310953 0.0952296
2.125
38.7612 123.045 44.0371
1 1 1
0.912303 0.293567 -0.280948 0.0508956
2.25
38.4978 122.911 43.7279
1 1 1
0.913399 0.286846 -0.283734 0.0540005
0
12.3446 77.4801 -0.188279
1 1 1
-0.548494 -0.016098 -0.0598911 0.833851
0.125
11.1078 78.3183 3.19319
1 1 1
-0.546175 0.00901307 -0.0595013 0.835506
0.25
8.63139 84.8949 10.3966
1 1 1
-0.483157 0.0605991 -0.0531673 0.871815
0.375
8.47283 93.0149 16.2925
1 1 1
-0.383657 0.090725 -0.0584823 0.917146
0.5
7.83325 95.1504 17.5981
1 1 1
-0.350556 0.143992 -0.0611144 0.923386
0.625
5.05031 91.7523 26.4442
1 1 1
-0.382634 0.275198 -0.0198589 0.881739
0.75
7.0154 92.4519 44.0181
1 1 1
-0.300365 0.379834 0.0294099 0.874438
0.875
8.51053 97.3693 58.8664
1 1 1
-0.1635 0.495647 0.0742772 0.849756
1
8.47438 100.143 64.6925
1 1 1
-0.10099 0.498984 0.0641836 0.85831
1.125
7.16749 100.742 62.2522
1 1 1
-0.109499 0.471214 0.0386375 0.874342
1.25
6.86136 97.8062 54.7272
1 1 1
-0.191664 0.429779 0.0242901 0.882023
1.375
9.27393 95.0417 45.1095
1 1 1
-0.27076 0.340173 -0.0288109 0.900078
1.5
12.6988 92.7244 33.1418
1 1 1
-0.365041 0.087783 -0.0839562 0.923033
1.625
14.7924 94.8798 25.4273
1 1 1
-0.353661 -0.0474256 -0.0884853 0.92997
1.75
12.7809 91.9288 19.6718
1 1 1
-0.396283 0.00422275 -0.0792136 0.914695
1.875
11.9507 85.3077 10.4148
1 1 1
-0.476299 0.0144658 -0.0765791 0.875823
2
12.5866 80.1584 2.66636
1 1 1
-0.525175 -0.025872 -0.0732463 0.847441
2.125
12.4065 77.5512 -0.157616
1 1 1
-0.547955 -0.0183778 -0.0608293 0.834091
2.25
12.3446 77.4801 -0.187492
1 1 1
-0.548492 -0.0161252 -0.0599089 0.833851
0
6.9555 60.0126 42.6838
1 1 1
-0.141318 0.0097867 -0.0696335 0.987464
0.125
7.05588 60.6041 46.1113
1 1 1
-0.106669 0.0129567 -0.0703016 0.991721
0.25
7.22655 61.0034 50.389
1 1 1
-0.0634186 0.0196886 -0.0713893 0.995236
0.375
6.9489 61.0201 50.1478
1 1 1
-0.0651982 0.0252843 -0.0690953 0.995156
0.5
7.58898 60.8651 49.1676
1 1 1
-0.0731421 0.0401624 -0.076212 0.993594
0.625
13.6968 59.3742 58.8335
1 1 1
0.041711 0.17209 -0.121249 0.976701
0.75
20.6237 54.788 67.8596
1 1 1
0.180541 0.345162 -0.139498 0.910389
0.875
22.6551 54.0666 68.7143
1 1 1
0.207169 0.40575 -0.136477 0.879672
1
19.0357 55.0771 70.1385
1 1 1
0.210104 0.475369 -0.0926365 0.849293
1.125
15.8352 55.5871 69.8744
1 1 1
0.194805 0.514185 -0.0771775 0.83169
1.25
17.1944 54.978 69.9306
1 1 1
0.188707 0.419058 -0.116531 0.880455
1.375
16.0074 55.7289 69.2204
1 1 1
0.161865 0.332521 -0.131905 0.91969
1.5
8.70363 59.7382 65.8239
1 1 1
0.0870677 0.113581 -0.0778498 0.98664
1.625
5.59385 61.2149 56.3179
1 1 1
-0.00518226 0.01143 -0.0544014 0.99844
1.75
6.29831 61.1455 54.0598
1 1 1
-0.0264732 0.0159701 -0.0626533 0.997556
1.875
6.47947 61.083 49.8534
1 1 1
-0.0698543 0.0123966 -0.0629649 0.995491
2
5.61844 60.5035 44.3473
1 1 1
-0.124401 0.00908421 -0.0557711 0.990622
2.125
6.8251 60.0389 42.6716
1 1 1
-0.141339 0.00970218 -0.068476 0.987542
2.25
6.95273 60.0126 42.6842
1 1 1
-0.141316 0.00975469 -0.0696381 0.987464
0
-0.0173895 11.1234 53.1571
1 1 1
-0.00327489 0.254042 0.000860302 0.967187
0.125
-0.0200662 11.1175 53.1445
1 1 1
-0.00325933 0.254067 0.000847891 0.967181
0.25
-0.0253142 11.1195 53.1227
1 1 1
-0.00328236 0.254057 0.000910608 0.967183
0.375
-0.0744061 11.1159 53.0978
1 1 1
-0.00326216 0.254014 0.0010205 0.967194
0.5
-0.125513 11.1271 53.0511
1 1 1
-0.0028518 0.254491 -1.0964e-05 0.967071
0.625
-0.224664 11.1673 53.2882
1 1 1
0.00191985 0.259915 0.00713152 0.965603
0.75
-0.661319 11.3087 53.543
1 1 1
0.00479348 0.268076 0.017496 0.963227
0.875
-0.416982 11.7311 53.7529
1 1 1
0.0205658 0.278719 0.00549002 0.960137
1
-1.88105 11.7339 54.8965
1 1 1
0.0217197 0.393706 -0.00957634 0.91893
1.125
-3.86418 11.1968 56.0939
1 1 1
0.00414135 0.505026 -0.00250862 0.86309
1.25
-3.75769 11.2256 55.9592
1 1 1
0.00492906 0.500149 -0.00284869 0.865921
1.375
-3.81621 11.2483 55.9176
1 1 1
0.00521964 0.501142 -0.00254077 0.865345
1.5
-0.864775 11.4974 54.4338
1 1 1
0.0157172 0.342213 -0.00552481 0.939475
1.625
0.00102901 11.1462 53.1065
1 1 1
-0.00379628 0.251239 0.000828661 0.967917
1.75
-0.126501 11.0843 53.0307
1 1 1
-0.00204207 0.253629 0.00125261 0.967299
1.875
0.0875212 11.1173 53.175
1 1 1
-0.00330481 0.254428 0.00106175 0.967085
2
0.00743488 11.1081 53.1267
1 1 1
-0.00412877 0.253879 0.000808053 0.967227
2.125
-0.0325947 11.1338 53.1464
1 1 1
-0.00386545 0.254155 0.00079586 0.967155
2.25
-0.0208466 11.1234 53.1571
1 1 1
-0.00327502 0.25401 0.000860081 0.967196
0
6.71165 1.02426 66.0366
1 1 1
-0.0410904 0.253814 0.010793 0.96632
0.125
6.70933 1.01784 66.0235
1 1 1
-0.0410551 0.25384 0.0107764 0.966314
0.25
6.70517 1.02091 66.0019
1 1 1
-0.0410233 0.253828 0.0108242 0.966318
0.375
6.65698 1.01743 65.9767
1 1 1
-0.0411045 0.25378 0.0109589 0.966326
0.5
6.59619 1.01037 65.9207
1 1 1
-0.0407787 0.254296 0.00997037 0.966215
0.625
6.7564 0.964157 65.9499
1 1 1
-0.041276 0.259336 0.018751 0.964723
0.75
6.72267 1.10328 65.972
1 1 1
-0.0424759 0.266894 0.0306289 0.962302
0.875
6.91763 1.00608 65.7669
1 1 1
-0.0473432 0.277634 0.0251747 0.959189
1
7.89513 0.862306 64.8661
1 1 1
-0.0472613 0.393315 0.0199786 0.917971
1.125
8.42061 0.860131 63.5366
1 1 1
-0.0471904 0.504282 0.0275276 0.861809
1.25
8.42784 0.864409 63.5298
1 1 1
-0.0494001 0.499343 0.0285314 0.864525
1.375
8.38921 0.883921 63.4518
1 1 1
-0.0522964 0.500203 0.0307671 0.86378
1.5
7.8529 0.824031 65.535
1 1 1
-0.0432747 0.341885 0.0159632 0.938609
1.625
6.65755 1.06167 66.0351
1 1 1
-0.0391503 0.251041 0.0100055 0.967133
1.75
6.59296 0.952748 65.8899
1 1 1
-0.0400098 0.253384 0.0112073 0.966473
1.875
6.83094 1.02027 66.0487
1 1 1
-0.0408077 0.254196 0.0109282 0.96623
2
6.73552 1.03282 66.0254
1 1 1
-0.0425135 0.253647 0.0108836 0.966301
2.125
6.70122 1.05096 66.0363
1 1 1
-0.0419084 0.253927 0.0107932 0.966255
2.25
6.70736 1.02426 66.0371
1 1 1
-0.0410872 0.253782 0.0107905 0.966328
0
10.1321 1.56337 72.0461
1 1 1
-0.0410904 0.253814 0.010793 0.96632
0.125
10.1301 1.55642 72.0327
1 1 1
-0.0410551 0.25384 0.0107764 0.966314
0.25
10.1258 1.55924 72.0113
1 1 1
-0.0410233 0.253828 0.0108242 0.966318
0.375
10.0769 1.55732 71.9863
1 1 1
-0.0411045 0.25378 0.0109589 0.966326
0.5
10.0232 1.54237 71.927
1 1 1
-0.0407787 0.254296 0.00997037 0.966215
0.625
10.2412 1.5347 71.9193
1 1 1
-0.041276 0.259336 0.018751 0.964723
0.75
10.2933 1.73501 71.8843
1 1 1
-0.0424759 0.266894 0.0306289 0.962302
0.875
10.6205 1.68394 71.592
1 1 1
-0.0473432 0.277634 0.0251747 0.959189
1
12.9116 1.5235 69.6096
1 1 1
-0.0472613 0.393315 0.0199786 0.917971
1.125
14.4482 1.56726 66.8939
1 1 1
-0.0471904 0.504282 0.0275276 0.861809
1.25
14.4141 1.60491 66.9532
1 1 1
-0.0494001 0.499343 0.0285314 0.864525
1.375
14.3781 1.67453 66.8593
1 1 1
-0.0522964 0.500203 0.0307671 0.86378
1.5
12.3172 1.41353 70.8101
1 1 1
-0.0432747 0.341885 0.0159632 0.938609
1.625
10.0443 1.57203 72.0661
1 1 1
-0.0391503 0.251041 0.0100055 0.967133
1.75
10.0082 1.47888 71.9034
1 1 1
-0.0400098 0.253384 0.0112073 0.966473
1.875
10.2562 1.55608 72.0557
1 1 1
-0.0408077 0.254196 0.0109282 0.96623
2
10.1535 1.59129 72.0345
1 1 1
-0.0425135 0.253647 0.0108836 0.966301
2.125
10.1229 1.60102 72.044
1 1 1
-0.0419084 0.253927 0.0107932 0.966255
2.25
10.1274 1.56332 72.0468
1 1 1
-0.0410872 0.253782 0.0107905 0.966328
0
-11.6496 80.5513 -3.01466
1 1 1
0.191201 -0.18362 -0.0164443 0.964083
0.125
-12.7808 82.2687 0.57198
1 1 1
0.207947 -0.199869 -0.015599 0.957375
0.25
-15.0823 90.2379 8.89446
1 1 1
0.0831586 -0.211123 -0.00778983 0.973884
0.375
-14.7444 100.278 15.1321
1 1 1
-0.296178 -0.203086 -0.0689489 0.930742
0.5
-14.6777 104.445 17.5377
1 1 1
-0.617612 -0.0856919 -0.131395 0.77068
0.625
-16.3481 103.093 29.0216
1 1 1
0.92052 -0.0226243 0.0821188 -0.381296
0.75
-13.9253 103.808 49.0848
1 1 1
0.947486 -0.0118387 -0.0489821 -0.315803
0.875
-9.99868 110.635 67.5016
1 1 1
-0.856831 0.0881068 0.00979353 0.50792
1
-9.20797 115.396 71.6098
1 1 1
-0.847739 0.106851 -0.00370725 0.519527
1.125
-10.9504 116.076 67.7047
1 1 1
0.89745 -0.108055 0.0149161 -0.427417
1.25
-13.5633 110.493 58.6038
1 1 1
0.926646 -0.0818869 -0.00276429 -0.366897
1.375
-14.0058 102.151 45.9174
1 1 1
0.934312 0.00175688 -0.0259325 -0.355507
1.5
-10.3118 98.5649 27.7065
1 1 1
-0.847874 -0.0999755 -0.0472606 0.518537
1.625
-7.57656 101.808 18.7362
1 1 1
-0.553642 -0.298961 -0.161006 0.760381
1.75
-10.849 96.8806 16.47
1 1 1
-0.154336 -0.301321 -0.158143 0.927565
1.875
-12.3171 87.2667 9.79702
1 1 1
0.155078 -0.17464 -0.0197277 0.972143
2
-11.5689 82.2055 0.328648
1 1 1
0.208664 -0.186916 -0.0125427 0.959877
2.125
-11.5754 80.6169 -3.09267
1 1 1
0.19009 -0.184902 -0.0183564 0.964023
2.25
-11.6495 80.5513 -3.01543
1 1 1
0.191202 -0.183652 -0.016437 0.964077
0
-10.1949 37.0866 -19.7741
1 1 1
0.525632 -0.308658 0.0650969 0.790066
0.125
-10.6624 39.4006 -17.5941
1 1 1
0.508838 -0.279648 0.0824202 0.809992
0.25
-14.5354 44.1589 1.92354
1 1 1
0.509022 -0.279506 0.118568 0.805428
0.375
-26.6505 62.781 40.1192
1 1 1
0.430293 -0.29027 0.130769 0.844684
0.5
-29.0628 95.8215 61.0218
1 1 1
0.201149 -0.106653 0.0684597 0.971328
0.625
-17.2267 136.681 61.3209
1 1 1
-0.140853 0.0356572 -0.0718113 0.986779
0.75
-11.5515 141.599 76.2585
1 1 1
-0.645658 0.0570941 -0.0229808 0.761142
0.875
-2.4804 133.2 107.582
1 1 1
0.866729 -0.0112417 0.0285366 -0.497835
1
-0.889014 136.517 112.314
1 1 1
-0.818623 0.111162 -0.0929631 0.555749
1.125
-2.44884 145.207 103.079
1 1 1
-0.678085 0.148149 -0.0710377 0.716384
1.25
-6.39282 144.495 89.6623
1 1 1
-0.523968 0.0960053 -0.00775176 0.846274
1.375
-13.3833 137.524 76.2583
1 1 1
-0.327459 0.0455747 0.0378067 0.943008
1.5
-20.5568 119.909 67.8519
1 1 1
-0.115943 -0.109085 0.0686831 0.984856
1.625
-34.6753 86.9703 53.6313
1 1 1
0.107931 -0.352602 0.129561 0.920455
1.75
-29.3119 55.1588 25.9875
1 1 1
0.400482 -0.4035 0.0869205 0.818075
1.875
-11.9082 42.7036 -3.84611
1 1 1
0.493896 -0.214758 0.0958118 0.837118
2
-9.39873 39.3534 -17.8691
1 1 1
0.508137 -0.266013 0.0798174 0.815269
2.125
-10.2913 37.1216 -19.7863
1 1 1
0.525432 -0.3095 0.0648891 0.789886
2.25
-10.1935 37.0866 -19.7748
1 1 1
0.525631 -0.308688 0.0651117 0.790054
0
12.9549 18.2843 -60.5052
1 1 1
0.303976 -0.435723 0.0658644 0.844633
0.125
11.8339 19.1092 -57.9752
1 1 1
0.403051 -0.423711 0.0780194 0.807423
0.25
10.7008 24.6812 -37.22
1 1 1
0.677589 -0.424475 0.028686 0.599892
0.375
-1.47488 35.8513 5.63104
1 1 1
0.669473 -0.367981 0.0758008 0.64082
0.5
-19.471 51.572 38.6959
1 1 1
0.394756 -0.222819 0.0408731 0.89042
0.625
-24.1433 87.8133 71.9323
1 1 1
-0.233975 -0.104955 -0.126365 0.958265
0.75
-9.98751 129.554 125.258
1 1 1
-0.722161 0.0185445 0.141233 0.6769
0.875
-3.10337 155.297 152.967
1 1 1
-0.654882 0.10533 0.184332 0.725297
1
2.07851 151.124 160.546
1 1 1
-0.561039 0.12817 0.135725 0.806465
1.125
1.4234 138.041 152.9
1 1 1
-0.455196 0.0641758 0.0921488 0.883282
1.25
-2.58092 118.434 132.729
1 1 1
-0.277262 -0.0141237 0.00964952 0.960642
1.375
-8.46737 95.7682 104.201
1 1 1
-0.0683059 -0.0232259 0.0102935 0.997341
1.5
-14.0886 70.5968 76.5088
1 1 1
0.187145 -0.108811 0.0406258 0.975442
1.625
-16.4379 40.6046 45.5025
1 1 1
0.405433 -0.283227 0.119348 0.860908
1.75
-3.6038 24.4719 -4.76743
1 1 1
0.588928 -0.38532 0.138518 0.696782
1.875
7.90204 21.1407 -44.9686
1 1 1
0.602285 -0.326051 0.0784729 0.724421
2
12.1486 18.9506 -58.709
1 1 1
0.351906 -0.423098 0.0613715 0.832697
2.125
12.8847 18.2934 -60.4906
1 1 1
0.305173 -0.435635 0.0665349 0.844195
2.25
12.959 18.2844 -60.5044
1 1 1
0.303969 -0.435782 0.0658536 0.844607
0
7.01643 1.73556 -58.4973
1 1 1
-0.0211151 -0.430152 -0.09572 0.897419
0.125
7.91474 1.88404 -59.0195
1 1 1
-0.00710221 -0.416544 -0.102915 0.903244
0.25
10.417 11.5074 -49.0321
1 1 1
0.530215 -0.424226 -0.0583264 0.73178
0.375
-0.473758 21.5172 -4.69797
1 1 1
0.501143 -0.375505 -0.0123107 0.779551
0.5
-21.7836 34.1134 40.4288
1 1 1
0.210798 -0.226502 -0.004016 0.950918
0.625
-28.7231 85.8331 88.9105
1 1 1
-0.359213 -0.0872357 -0.139189 0.918685
0.75
-9.90067 144.685 134.435
1 1 1
-0.785934 0.00439858 0.142378 0.601679
0.875
0.175257 168.893 163.809
1 1 1
-0.753576 0.0773467 0.197713 0.622134
1
7.00035 161.341 174.131
1 1 1
-0.751815 0.0883726 0.164436 0.632396
1.125
4.56222 144.087 169.232
1 1 1
-0.656055 0.039879 0.104974 0.746313
1.25
-2.47284 117.515 150.401
1 1 1
-0.48119 -0.0158961 0.00631713 0.876449
1.375
-8.5122 87.6419 119.921
1 1 1
-0.267032 -0.0248189 0.00542391 0.963353
1.5
-15.2577 55.7602 86.0829
1 1 1
-0.0369935 -0.11516 0.0151173 0.992543
1.625
-17.2707 22.9707 46.7312
1 1 1
0.200578 -0.302861 0.0523154 0.930219
1.75
-2.0993 8.2107 -11.584
1 1 1
0.417868 -0.406558 0.0486793 0.811004
1.875
7.96755 4.98277 -52.1847
1 1 1
0.228397 -0.338843 -0.0438327 0.911646
2
6.96369 2.04177 -58.1055
1 1 1
-0.00736017 -0.412596 -0.115043 0.90359
2.125
6.98313 1.72776 -58.5136
1 1 1
-0.0209118 -0.430198 -0.0955762 0.897417
2.25
7.01939 1.73594 -58.4975
1 1 1
-0.0211125 -0.430203 -0.0957512 0.897392
0
1.66468 2.52462 -54.1568
1 1 1
-0.0211151 -0.430152 -0.09572 0.897419
0.125
2.68023 2.52352 -54.5145
1 1 1
-0.00710221 -0.416544 -0.102915 0.903244
0.25
5.68376 6.46105 -48.548
1 1 1
0.530215 -0.424226 -0.0583264 0.73178
0.375
-4.62042 16.1479 -3.25617
1 1 1
0.501143 -0.375505 -0.0123107 0.779551
0.5
-24.8017 31.3028 46.0051
1 1 1
0.210798 -0.226502 -0.004016 0.950918
0.625
-29.1815 90.5489 93.9755
1 1 1
-0.359213 -0.0872357 -0.139189 0.918685
0.75
-11.432 151.262 132.855
1 1 1
-0.785934 0.00439858 0.142378 0.601679
0.875
-1.22934 175.616 162.84
1 1 1
-0.753576 0.0773467 0.197713 0.622134
1
6.05372 168.144 173.173
1 1 1
-0.751815 0.0883726 0.164436 0.632396
1.125
4.00503 150.928 170.229
1 1 1
-0.656055 0.039879 0.104974 0.746313
1.25
-2.73427 123.336 154.163
1 1 1
-0.48119 -0.0158961 0.00631713 0.876449
1.375
-8.88986 91.1649 125.883
1 1 1
-0.267032 -0.0248189 0.00542391 0.963353
1.5
-16.875 56.1947 92.8133
1 1 1
-0.0369935 -0.11516 0.0151173 0.992543
1.625
-21.043 20.118 51.8042
1 1 1
0.200578 -0.302861 0.0523154 0.930219
1.75
-6.38695 3.20999 -9.41323
1 1 1
0.417868 -0.406558 0.0486793 0.811004
1.875
3.52785 2.26226 -47.6031
1 1 1
0.228397 -0.338843 -0.0438327 0.911646
2
1.77712 2.74913 -53.5555
1 1 1
-0.00736017 -0.412596 -0.115043 0.90359
2.125
1.63053 2.51348 -54.1735
1 1 1
-0.0209118 -0.430198 -0.0955762 0.897417
2.25
1.66719 2.52522 -54.1577
1 1 1
-0.0211125 -0.430203 -0.0957512 0.897392
