BoneAnimationSize 65
KeframeSize 20
0
0.289605 114.176 -0.278674
1 1 1
-0.047126 -0.041644 -0.0125462 0.997942
0.125
0.37061 114.141 -0.210809
1 1 1
-0.0477879 -0.0419446 -0.0108419 0.997918
0.25
0.52637 114.135 -0.04451
1 1 1
-0.0469684 -0.0425784 -0.00915891 0.997947
0.375
0.794923 113.988 0.25448
1 1 1
-0.0443619 -0.042904 -0.00886443 0.998054
0.5
1.19734 113.616 0.714105
1 1 1
-0.0412934 -0.0421317 -0.009504 0.998213
0.625
1.81916 113.209 1.58056
1 1 1
-0.0368763 -0.0427958 -0.0103118 0.99835
0.75
2.7028 112.985 3.08395
1 1 1
-0.0302874 -0.0441887 -0.010493 0.998509
0.875
3.7849 112.633 4.99919
1 1 1
-0.0246041 -0.0452728 -0.0114002 0.998607
1
4.87186 112.074 6.86061
1 1 1
-0.02181 -0.0509059 -0.0133981 0.998375
1.125
5.65743 110.945 8.51812
1 1 1
-0.0308323 -0.0615257 -0.0150614 0.997515
1.25
5.82137 110.468 11.0885
1 1 1
-0.0339359 -0.055176 -0.0225153 0.997646
1.375
5.61302 110.71 14.7618
1 1 1
-0.0245416 -0.0447057 -0.0364981 0.998032
1.5
5.13105 110.807 19.223
1 1 1
-0.0109863 -0.0446812 -0.0455171 0.997903
1.625
4.36358 110.076 24.62
1 1 1
0.0108127 -0.0337818 -0.0345566 0.998773
1.75
3.02618 108.093 30.5836
1 1 1
0.0229556 -0.0101707 -0.0210525 0.999463
1.875
1.18548 107.386 38.1901
1 1 1
0.0233477 0.0115349 -0.0283005 0.99926
2
-0.914861 108.057 46.9193
1 1 1
0.0213803 0.00835887 -0.0461963 0.998669
2.125
-2.98642 108.527 55.1945
1 1 1
0.0109514 0.00436374 -0.0483703 0.99876
2.25
-4.285 109.191 63.1268
1 1 1
-0.0159615 0.0104947 -0.0500375 0.998565
2.375
-4.6317 109.561 65.7817
1 1 1
-0.0241136 0.010611 -0.0484319 0.998479
0
0.704325 124.899 -2.56114
1 1 1
-0.0269067 -0.040038 -0.00609234 0.998817
0.125
0.750128 124.861 -2.50889
1 1 1
-0.0268563 -0.0402799 -0.00460601 0.998817
0.25
0.87104 124.861 -2.32628
1 1 1
-0.0252402 -0.0406636 -0.00320089 0.998849
0.375
1.13204 124.725 -1.97147
1 1 1
-0.0221483 -0.040791 -0.00309471 0.998917
0.5
1.54289 124.366 -1.44564
1 1 1
-0.0186617 -0.0396862 -0.00415557 0.999029
0.625
2.18053 123.977 -0.483064
1 1 1
-0.0142336 -0.0394649 -0.00579629 0.999103
0.75
3.06666 123.78 1.16322
1 1 1
-0.00839728 -0.0400398 -0.00710741 0.999138
0.875
4.16651 123.449 3.20265
1 1 1
-0.00310286 -0.0409209 -0.00914732 0.999116
1
5.31113 122.898 5.12958
1 1 1
0.00120311 -0.0470528 -0.0131341 0.998805
1.125
6.1763 121.734 6.60086
1 1 1
-0.0016475 -0.0589274 -0.0178837 0.998101
1.25
6.48484 121.238 9.10926
1 1 1
-0.000950292 -0.0570835 -0.0263255 0.998022
1.375
6.5369 121.497 12.9911
1 1 1
0.00821753 -0.0509735 -0.0380867 0.99794
1.5
6.23868 121.623 17.7546
1 1 1
0.0203455 -0.052962 -0.0436268 0.997436
1.625
5.18933 120.968 23.6049
1 1 1
0.0380274 -0.0445999 -0.0335265 0.997718
1.75
3.50118 119.026 29.8111
1 1 1
0.0484418 -0.0236285 -0.0203928 0.998338
1.875
1.77416 118.313 37.4146
1 1 1
0.0483421 -0.00454325 -0.0221653 0.998575
2
0.0699134 118.952 46.099
1 1 1
0.0457374 -0.00808035 -0.0325784 0.998389
2.125
-1.94805 119.399 54.15
1 1 1
0.0373963 -0.0103418 -0.033372 0.99869
2.25
-3.2343 119.988 61.4905
1 1 1
0.0148906 -8.82646e-05 -0.0330348 0.999343
2.375
-3.6192 120.333 63.9691
1 1 1
0.00739514 0.00205006 -0.0308919 0.999493
0
0.99865 137.51 -4.72354
1 1 1
0.0135685 -0.0367697 0.00660133 0.99921
0.125
1.00766 137.473 -4.67145
1 1 1
0.0150368 -0.0368978 0.00783381 0.999175
0.25
1.09276 137.48 -4.44939
1 1 1
0.0182364 -0.0367857 0.00888713 0.999117
0.375
1.34838 137.357 -4.0166
1 1 1
0.0223019 -0.0365101 0.00845694 0.999049
0.5
1.77873 137.013 -3.40198
1 1 1
0.0266347 -0.0347317 0.0061996 0.999022
0.625
2.45284 136.64 -2.32582
1 1 1
0.0310896 -0.0327329 0.00261948 0.998977
0.75
3.36833 136.463 -0.530148
1 1 1
0.0354204 -0.0316639 -0.00112705 0.99887
0.875
4.51739 136.148 1.64607
1 1 1
0.0399427 -0.0321158 -0.00569402 0.99867
1
5.77689 135.608 3.69008
1 1 1
0.0472167 -0.0392955 -0.0126257 0.998032
1.125
6.8014 134.429 5.10368
1 1 1
0.0565612 -0.0537559 -0.02126 0.996724
1.25
7.31752 133.925 7.64056
1 1 1
0.0648446 -0.0607585 -0.0313127 0.995552
1.375
7.63869 134.19 11.7644
1 1 1
0.0735934 -0.063169 -0.0392869 0.99451
1.5
7.47129 134.33 16.8465
1 1 1
0.0829459 -0.0691649 -0.0402796 0.993335
1.625
6.12662 133.724 23.1254
1 1 1
0.0923621 -0.065931 -0.0319794 0.993026
1.75
4.05639 131.81 29.5695
1 1 1
0.0992879 -0.0502847 -0.0201728 0.993583
1.875
2.34141 131.097 37.1596
1 1 1
0.0981495 -0.0361895 -0.0133573 0.994424
2
0.909354 131.719 45.7812
1 1 1
0.094288 -0.0401176 -0.00979523 0.994688
2.125
-1.08263 132.157 53.6209
1 1 1
0.0901438 -0.0393168 -0.00449486 0.995142
2.25
-2.3999 132.711 60.3778
1 1 1
0.0765011 -0.0209039 9.19274e-05 0.99685
2.375
-2.84587 133.042 62.6639
1 1 1
0.0703436 -0.0145154 0.00166977 0.997416
0
0.909934 152.078 -6.03685
1 1 1
0.0540191 -0.0334347 0.0192831 0.997794
0.125
0.881886 152.045 -5.94332
1 1 1
0.0569011 -0.0334448 0.0202586 0.997614
0.25
0.932511 152.059 -5.62917
1 1 1
0.0616756 -0.0328323 0.0209569 0.997336
0.375
1.19542 151.946 -5.07738
1 1 1
0.0667047 -0.0321515 0.0199906 0.997054
0.5
1.6821 151.61 -4.33397
1 1 1
0.0718729 -0.0297014 0.0165412 0.996834
0.625
2.45092 151.245 -3.12433
1 1 1
0.0763453 -0.0259299 0.0110296 0.996683
0.75
3.46889 151.074 -1.19877
1 1 1
0.0791662 -0.0232239 0.00485559 0.996579
0.875
4.74794 150.764 1.114
1 1 1
0.0829106 -0.0232483 -0.00222967 0.996283
1
6.21733 150.225 3.3811
1 1 1
0.0931274 -0.0314526 -0.0120898 0.995084
1.125
7.50803 149.04 5.09001
1 1 1
0.114576 -0.0484001 -0.0245634 0.991931
1.25
8.31448 148.516 7.89271
1 1 1
0.130356 -0.0641678 -0.036163 0.988728
1.375
8.85543 148.757 12.2894
1 1 1
0.138643 -0.0750844 -0.0403129 0.986669
1.5
8.70533 148.882 17.6553
1 1 1
0.145197 -0.0850767 -0.0367627 0.985052
1.625
7.09821 148.28 24.1897
1 1 1
0.14638 -0.0870358 -0.0303226 0.984926
1.75
4.66337 146.373 30.8019
1 1 1
0.149804 -0.0767741 -0.0198859 0.98553
1.875
2.74378 145.671 38.3415
1 1 1
0.147606 -0.0677062 -0.00450156 0.986716
2
1.21422 146.305 46.848
1 1 1
0.142469 -0.0719976 0.0130263 0.987091
2.125
-0.928384 146.754 54.56
1 1 1
0.142488 -0.0681162 0.0244023 0.987148
2.25
-2.38555 147.329 60.9097
1 1 1
0.137704 -0.041608 0.0332182 0.989041
2.375
-2.88252 147.665 63.0142
1 1 1
0.132919 -0.0310039 0.0342226 0.990051
0
0.337474 168.523 -6.19916
1 1 1
-0.114962 -0.0349642 0.0100515 0.992703
0.125
0.27415 168.489 -6.01182
1 1 1
-0.11329 -0.0346795 0.0101253 0.992905
0.25
0.295293 168.502 -5.54085
1 1 1
-0.110433 -0.0339292 0.0102015 0.993252
0.375
0.583182 168.388 -4.82193
1 1 1
-0.108404 -0.0327643 0.00869353 0.993529
0.5
1.17387 168.052 -3.90344
1 1 1
-0.106825 -0.0297025 0.00516609 0.993821
0.625
2.11429 167.687 -2.53994
1 1 1
-0.105725 -0.0252489 -0.000257893 0.994075
0.75
3.32943 167.515 -0.515851
1 1 1
-0.104404 -0.0218088 -0.00643629 0.994275
0.875
4.8386 167.199 1.92581
1 1 1
-0.101623 -0.0207187 -0.013248 0.994519
1
6.63071 166.635 4.54122
1 1 1
-0.0919724 -0.0262851 -0.0223584 0.995163
1.125
8.3097 165.366 6.98442
1 1 1
-0.0743548 -0.0383211 -0.0358653 0.99585
1.25
9.46285 164.748 10.3435
1 1 1
-0.0564313 -0.049957 -0.0473689 0.99603
1.375
10.1125 164.933 15.036
1 1 1
-0.0455138 -0.0592249 -0.050406 0.995932
1.5
9.81884 165.03 20.622
1 1 1
-0.0370232 -0.0688299 -0.0471295 0.995827
1.625
7.99549 164.437 27.1805
1 1 1
-0.0318608 -0.0731303 -0.039767 0.99602
1.75
5.22131 162.531 33.8671
1 1 1
-0.0317409 -0.0671614 -0.0265849 0.996883
1.875
2.81269 161.86 41.2942
1 1 1
-0.0371113 -0.0620596 -0.0101541 0.997331
2
0.715717 162.522 49.5927
1 1 1
-0.0448657 -0.0677739 0.00420705 0.996683
2.125
-1.79685 162.96 57.2798
1 1 1
-0.0416687 -0.0660828 0.0168698 0.996801
2.25
-3.51489 163.544 63.477
1 1 1
-0.0327931 -0.0447182 0.0281287 0.998065
2.375
-4.03291 163.901 65.434
1 1 1
-0.0313113 -0.0351778 0.0295343 0.998454
0
0.112302 176.229 -6.06713
1 1 1
0.00199885 -0.00243558 0.00210618 0.999993
0.125
0.0475741 176.194 -5.85379
1 1 1
0.000326528 0.000298232 0.00130155 0.999999
0.25
0.0676757 176.206 -5.3383
1 1 1
-0.00293184 0.00209312 0.00110368 0.999993
0.375
0.380054 176.092 -4.58683
1 1 1
-0.00880914 0.00489422 -0.00170399 0.999948
0.5
1.03043 175.756 -3.64137
1 1 1
-0.0188974 0.00793596 -0.00723781 0.999764
0.625
2.06286 175.392 -2.25772
1 1 1
-0.0275198 0.010158 -0.0132459 0.999482
0.75
3.37935 175.219 -0.210649
1 1 1
-0.033127 0.0104045 -0.0187184 0.999222
0.875
4.99389 174.9 2.27631
1 1 1
-0.0347309 0.00903182 -0.0235232 0.999079
1
6.90791 174.323 5.04506
1 1 1
-0.0352072 0.0029863 -0.0244866 0.999076
1.125
8.75136 173.023 7.76945
1 1 1
-0.039009 -0.00534261 -0.0214279 0.998995
1.25
10.0314 172.362 11.415
1 1 1
-0.0387897 -0.0123996 -0.0230144 0.998905
1.375
10.6879 172.52 16.2796
1 1 1
-0.0265158 -0.0169654 -0.0242681 0.99921
1.5
10.3048 172.601 21.994
1 1 1
-0.0185293 -0.0196839 -0.02332 0.999362
1.625
8.35063 172.002 28.6232
1 1 1
-0.0142316 -0.0257373 -0.0235258 0.999291
1.75
5.39834 170.105 35.2977
1 1 1
-0.0160565 -0.0252738 -0.0234525 0.999276
1.875
2.76498 169.453 42.6283
1 1 1
-0.0289723 -0.0220853 -0.0166569 0.999197
2
0.441404 170.133 50.7927
1 1 1
-0.0382659 -0.018923 -0.00531141 0.999074
2.125
-2.25969 170.556 58.5169
1 1 1
-0.0299468 -0.0170185 0.00782713 0.999376
2.25
-4.08545 171.108 64.8551
1 1 1
-0.0116605 -0.0113081 0.0103192 0.999815
2.375
-4.59398 171.461 66.8405
1 1 1
-0.00539425 -0.00657057 0.00932876 0.99992
0
-0.0268336 201.699 0.509384
1 1 1
0.00199885 -0.00243558 0.00210618 0.999993
0.125
-0.0149241 201.687 0.637854
1 1 1
0.000326528 0.000298232 0.00130155 0.999999
0.25
0.0381463 201.74 0.987116
1 1 1
-0.00293184 0.00209312 0.00110368 0.999993
0.375
0.528314 201.698 1.43722
1 1 1
-0.00880914 0.00489422 -0.00170399 0.999948
0.5
1.4963 201.476 1.86181
1 1 1
-0.0188974 0.00793596 -0.00723781 0.999764
0.625
2.85991 201.196 2.79664
1 1 1
-0.0275198 0.010158 -0.0132459 0.999482
0.75
4.45822 201.068 4.55082
1 1 1
-0.033127 0.0104045 -0.0187184 0.999222
0.875
6.30375 200.753 6.95435
1 1 1
-0.0347309 0.00903182 -0.0235232 0.999079
1
8.19985 200.181 9.70644
1 1 1
-0.0352072 0.0029863 -0.0244866 0.999076
1.125
9.79528 198.926 12.243
1 1 1
-0.039009 -0.00534261 -0.0214279 0.998995
1.25
11.0794 198.26 15.9072
1 1 1
-0.0387897 -0.0123996 -0.0230144 0.998905
1.375
11.7362 198.299 21.4117
1 1 1
-0.0265158 -0.0169654 -0.0242681 0.99921
1.5
11.2627 198.299 27.5386
1 1 1
-0.0185293 -0.0196839 -0.02332 0.999362
1.625
9.2394 197.653 34.3926
1 1 1
-0.0142316 -0.0257373 -0.0235258 0.999291
1.75
6.29192 195.776 40.973
1 1 1
-0.0160565 -0.0252738 -0.0234525 0.999276
1.875
3.3668 195.273 47.6286
1 1 1
-0.0289723 -0.0220853 -0.0166569 0.999197
2
0.506734 196.05 55.2997
1 1 1
-0.0382659 -0.018923 -0.00531141 0.999074
2.125
-2.85587 196.39 63.4436
1 1 1
-0.0299468 -0.0170185 0.00782713 0.999376
2.25
-4.75281 196.742 70.7262
1 1 1
-0.0116605 -0.0113081 0.0103192 0.999815
2.375
-5.15357 197.021 73.0363
1 1 1
-0.00539425 -0.00657057 0.00932876 0.99992
0
5.98873 166.167 -6.0987
1 1 1
0.160021 0.0401842 -0.0230606 0.986026
0.125
5.93045 166.144 -5.92462
1 1 1
0.162794 0.0407335 -0.0220858 0.985571
0.25
5.95589 166.167 -5.48331
1 1 1
0.167417 0.0417059 -0.0214564 0.98477
0.375
6.24033 166.044 -4.79748
1 1 1
0.172412 0.0437638 -0.0221136 0.983804
0.5
6.81633 165.673 -3.93498
1 1 1
0.177639 0.0471434 -0.0256336 0.982632
0.625
7.73169 165.251 -2.64106
1 1 1
0.182282 0.052116 -0.030848 0.981379
0.75
8.91702 165.014 -0.667364
1 1 1
0.18542 0.0561983 -0.0368707 0.980358
0.875
10.3906 164.622 1.74829
1 1 1
0.18965 0.0563172 -0.0433644 0.979276
1
12.1311 163.947 4.39033
1 1 1
0.200757 0.0464543 -0.050368 0.977242
1.125
13.7403 162.538 6.88874
1 1 1
0.22327 0.0254362 -0.0620553 0.972447
1.25
14.8222 161.785 10.3143
1 1 1
0.239873 0.0029132 -0.0740189 0.967974
1.375
15.4415 161.916 15.0712
1 1 1
0.24825 -0.0134479 -0.0735085 0.965809
1.5
15.1615 162.04 20.7356
1 1 1
0.254676 -0.0240458 -0.0659872 0.964473
1.625
13.3738 161.512 27.3221
1 1 1
0.255527 -0.0266061 -0.0605839 0.964535
1.75
10.6703 159.737 33.901
1 1 1
0.257756 -0.0199563 -0.0542603 0.964479
1.875
8.35034 159.245 41.2718
1 1 1
0.254553 -0.00925552 -0.0437047 0.966026
2
6.33528 160.09 49.6778
1 1 1
0.24868 -0.00103685 -0.016386 0.968446
2.125
3.87878 160.661 57.344
1 1 1
0.247143 0.00744312 0.0123816 0.968871
2.25
2.21157 161.383 63.2847
1 1 1
0.241313 0.0308085 0.0133564 0.969866
2.375
1.6982 161.763 65.1471
1 1 1
0.236269 0.041514 0.00868969 0.970762
0
17.5931 162.815 -8.12411
1 1 1
0.259227 -0.158495 -0.619357 0.723932
0.125
17.5396 162.825 -7.97699
1 1 1
0.258045 -0.158988 -0.619235 0.724351
0.25
17.5656 162.881 -7.58521
1 1 1
0.258438 -0.156732 -0.618913 0.724977
0.375
17.8377 162.767 -6.98086
1 1 1
0.258269 -0.153124 -0.619565 0.725251
0.5
18.3756 162.347 -6.24269
1 1 1
0.256962 -0.146906 -0.62176 0.725123
0.625
19.2332 161.844 -5.11285
1 1 1
0.254854 -0.136825 -0.623654 0.726212
0.75
20.3557 161.5 -3.27655
1 1 1
0.250634 -0.125885 -0.625704 0.727895
0.875
21.7754 160.977 -0.917409
1 1 1
0.248969 -0.109741 -0.629934 0.72743
1
23.4909 160.142 1.8447
1 1 1
0.254079 -0.104739 -0.632655 0.724031
1.125
25.0588 158.453 4.60796
1 1 1
0.259683 -0.131488 -0.633286 0.717095
1.25
26.0784 157.373 8.35733
1 1 1
0.249472 -0.184219 -0.627545 0.714153
1.375
26.7254 157.449 13.4219
1 1 1
0.239716 -0.23882 -0.611789 0.714994
1.5
26.5247 157.695 19.3217
1 1 1
0.242345 -0.300334 -0.587268 0.711467
1.625
24.7871 157.273 25.9926
1 1 1
0.255449 -0.332992 -0.568731 0.707394
1.75
22.1357 155.684 32.445
1 1 1
0.277975 -0.351818 -0.551267 0.703604
1.875
19.8932 155.481 39.6606
1 1 1
0.292157 -0.356206 -0.524001 0.71637
2
18.0705 156.971 48.0798
1 1 1
0.318023 -0.32235 -0.516355 0.726862
2.125
15.7765 158.246 55.7286
1 1 1
0.345408 -0.259623 -0.523046 0.734651
2.25
14.0577 159.104 61.1682
1 1 1
0.345132 -0.18848 -0.54227 0.742497
2.375
13.4849 159.418 62.7857
1 1 1
0.336219 -0.159236 -0.550259 0.74754
0
24.5386 134.697 -12.1404
1 1 1
0.125927 -0.308667 -0.651901 0.681096
0.125
24.4837 134.697 -11.9265
1 1 1
0.125765 -0.308139 -0.651337 0.681904
0.25
24.5695 134.782 -11.637
1 1 1
0.126511 -0.305698 -0.651039 0.683149
0.375
24.8513 134.695 -11.194
1 1 1
0.12534 -0.303127 -0.651816 0.683769
0.5
25.3233 134.3 -10.7215
1 1 1
0.121485 -0.299263 -0.654117 0.68397
0.625
26.183 133.863 -9.98593
1 1 1
0.113236 -0.295772 -0.656582 0.684541
0.75
27.2901 133.58 -8.50873
1 1 1
0.107716 -0.286633 -0.657867 0.688077
0.875
28.5815 133.17 -6.87082
1 1 1
0.113001 -0.262801 -0.660429 0.694262
1
30.1594 132.403 -4.56356
1 1 1
0.129149 -0.244925 -0.662032 0.696452
1.125
31.3901 130.438 -0.87936
1 1 1
0.149063 -0.254066 -0.66051 0.690621
1.25
31.9612 128.866 5.58059
1 1 1
0.156019 -0.287803 -0.649302 0.686465
1.375
32.4948 128.784 13.6124
1 1 1
0.157158 -0.331985 -0.630056 0.684191
1.5
32.1922 129.18 22.4479
1 1 1
0.159828 -0.3952 -0.606727 0.670935
1.625
30.5676 128.944 30.3599
1 1 1
0.145779 -0.459205 -0.59802 0.640509
1.75
28.3552 127.507 37.1732
1 1 1
0.120504 -0.529453 -0.597397 0.590148
1.875
27.6499 127.779 44.8966
1 1 1
0.105507 -0.573343 -0.582346 0.566585
2
27.5926 129.527 51.422
1 1 1
0.11485 -0.562747 -0.587226 0.570342
2.125
26.9359 131.22 55.4848
1 1 1
0.151437 -0.494342 -0.600161 0.610328
2.25
25.7501 132.568 57.4145
1 1 1
0.165388 -0.408782 -0.613228 0.655359
2.375
25.1901 133.081 57.8473
1 1 1
0.160345 -0.376255 -0.616743 0.672569
0
23.3372 106.048 -4.53791
1 1 1
0.0558474 -0.134258 -0.581885 0.800166
0.125
23.3451 106.047 -4.32011
1 1 1
0.0565946 -0.132575 -0.580815 0.801171
0.25
23.5429 106.1 -4.13339
1 1 1
0.0591238 -0.12652 -0.578223 0.803838
0.375
23.8574 105.998 -3.74403
1 1 1
0.0609587 -0.119993 -0.576929 0.805629
0.5
24.2893 105.599 -3.29215
1 1 1
0.0655407 -0.111439 -0.577105 0.806372
0.625
25.0806 105.21 -2.38465
1 1 1
0.0751388 -0.0949155 -0.576159 0.808323
0.75
26.4032 104.892 -1.01163
1 1 1
0.0885194 -0.104294 -0.578509 0.804124
0.875
28.2711 104.205 -0.473668
1 1 1
0.112738 -0.148185 -0.587197 0.787737
1
30.2617 103.171 0.484037
1 1 1
0.15469 -0.211042 -0.60468 0.75226
1.125
31.3413 101.127 3.68935
1 1 1
0.214458 -0.28221 -0.629622 0.691333
1.25
31.6987 99.7569 11.2919
1 1 1
0.279145 -0.355487 -0.64439 0.616821
1.375
32.0685 100.113 21.2138
1 1 1
0.311811 -0.425193 -0.637716 0.561518
1.5
30.7504 101.28 32.4261
1 1 1
0.267379 -0.518448 -0.619272 0.525568
1.625
26.5036 102.247 42.638
1 1 1
0.171112 -0.606998 -0.572672 0.523756
1.75
20.2149 102.804 51.4401
1 1 1
0.0493629 -0.657659 -0.516174 0.546453
1.875
17.6914 104.614 60.5244
1 1 1
-0.0418949 -0.651083 -0.458832 0.603166
2
18.0096 105.822 66.4631
1 1 1
-0.0581491 -0.601663 -0.439495 0.664428
2.125
20.7319 105.046 67.9929
1 1 1
0.00775062 -0.536379 -0.444704 0.71727
2.25
23.1899 104.713 67.2916
1 1 1
0.0721879 -0.461187 -0.46585 0.751717
2.375
23.8883 104.892 66.9939
1 1 1
0.0851057 -0.428342 -0.472897 0.765277
0
20.5731 99.1609 -1.81145
1 1 1
0.180634 -0.10132 -0.525181 0.825403
0.125
20.609 99.1435 -1.60721
1 1 1
0.174926 -0.100813 -0.524055 0.827408
0.25
20.8857 99.1468 -1.47109
1 1 1
0.167335 -0.0950144 -0.521043 0.831556
0.375
21.2607 99.0037 -1.1284
1 1 1
0.156101 -0.0882511 -0.519025 0.835737
0.5
21.7339 98.5538 -0.774891
1 1 1
0.145937 -0.0789696 -0.51826 0.838971
0.625
22.621 98.0622 -0.0694805
1 1 1
0.143279 -0.0609799 -0.513391 0.843909
0.75
23.8206 97.7363 1.14018
1 1 1
0.143176 -0.0691499 -0.510485 0.845059
0.875
25.2303 97.1647 1.4458
1 1 1
0.151328 -0.111191 -0.519174 0.833783
1
26.4737 96.3648 1.83486
1 1 1
0.176358 -0.173608 -0.540498 0.804127
1.125
26.6739 94.7531 3.97993
1 1 1
0.218845 -0.247101 -0.572351 0.750641
1.25
26.4425 93.9426 10.2599
1 1 1
0.27679 -0.321663 -0.593662 0.683729
1.375
26.613 94.6887 19.3932
1 1 1
0.299645 -0.399723 -0.582803 0.640917
1.5
24.81 96.2806 30.9388
1 1 1
0.237324 -0.494902 -0.569598 0.611807
1.625
20.0771 97.6493 42.3979
1 1 1
0.12883 -0.574904 -0.535776 0.604841
1.75
13.5059 98.9057 52.9525
1 1 1
-0.00528882 -0.614938 -0.499196 0.610431
1.875
11.4 101.123 63.7999
1 1 1
-0.102215 -0.602254 -0.444767 0.654999
2
12.5006 101.988 70.6408
1 1 1
-0.116099 -0.54987 -0.409545 0.718635
2.125
16.0945 100.002 71.9366
1 1 1
-0.0455914 -0.486399 -0.415612 0.767205
2.25
19.2653 98.7027 70.6047
1 1 1
0.0222965 -0.414835 -0.425381 0.804031
2.375
20.2436 98.634 70.1648
1 1 1
0.0385803 -0.382295 -0.426663 0.818731
0
20.1062 96.922 -1.31897
1 1 1
0.190874 -0.0529685 -0.51801 0.832122
0.125
20.1522 96.9082 -1.08956
1 1 1
0.185772 -0.0526727 -0.516811 0.834039
0.25
20.4601 96.9118 -0.926698
1 1 1
0.179895 -0.047509 -0.513148 0.83789
0.375
20.8656 96.773 -0.544574
1 1 1
0.171449 -0.0417266 -0.510201 0.84176
0.5
21.3675 96.326 -0.162062
1 1 1
0.164955 -0.03372 -0.508129 0.844664
0.625
22.3146 95.8211 0.52745
1 1 1
0.166369 -0.0171395 -0.501383 0.848907
0.75
23.5139 95.4996 1.75341
1 1 1
0.170643 -0.0269473 -0.496457 0.850697
0.875
24.7918 94.9573 2.08473
1 1 1
0.183428 -0.0713753 -0.502422 0.841921
1
25.7809 94.2084 2.4204
1 1 1
0.21291 -0.137524 -0.519725 0.815869
1.125
25.6414 92.6917 4.37686
1 1 1
0.259072 -0.216569 -0.546371 0.766458
1.25
25.1353 92.0039 10.3353
1 1 1
0.318656 -0.297579 -0.56167 0.703158
1.375
25.1826 92.8388 19.3236
1 1 1
0.340626 -0.379364 -0.546668 0.664237
1.5
23.1587 94.6285 31.0686
1 1 1
0.276473 -0.475534 -0.534221 0.641902
1.625
18.2559 96.277 42.9204
1 1 1
0.165007 -0.553456 -0.504776 0.641608
1.75
11.62 97.9374 53.9419
1 1 1
0.0285942 -0.590231 -0.474958 0.652092
1.875
9.71202 100.381 65.2395
1 1 1
-0.0700279 -0.572291 -0.425846 0.697305
2
11.1323 101.132 72.3341
1 1 1
-0.0836347 -0.515322 -0.391777 0.757601
2.125
14.9684 98.7426 73.5548
1 1 1
-0.0108373 -0.45038 -0.394545 0.800858
2.25
18.3839 97.0948 72.0576
1 1 1
0.0594035 -0.378085 -0.401523 0.832047
2.375
19.4769 96.9275 71.5695
1 1 1
0.0765573 -0.345039 -0.402411 0.844484
0
19.8675 95.3666 -1.06288
1 1 1
0.190889 -0.0529482 -0.517977 0.83214
0.125
19.9205 95.3543 -0.818112
1 1 1
0.185786 -0.0526521 -0.516779 0.834057
0.25
20.2499 95.3571 -0.642452
1 1 1
0.179909 -0.0474881 -0.513116 0.837908
0.375
20.6764 95.2192 -0.241425
1 1 1
0.171464 -0.0417053 -0.510168 0.841777
0.5
21.1978 94.7718 0.150723
1 1 1
0.16497 -0.0336984 -0.508097 0.844682
0.625
22.1854 94.2585 0.81682
1 1 1
0.166385 -0.0171178 -0.50135 0.848923
0.75
23.3892 93.9371 2.04514
1 1 1
0.170658 -0.0269258 -0.496425 0.850713
0.875
24.5891 93.406 2.39194
1 1 1
0.183442 -0.0713544 -0.50239 0.841939
1
25.4214 92.6797 2.696
1 1 1
0.212922 -0.137505 -0.519692 0.81589
1.125
25.0676 91.2127 4.53577
1 1 1
0.259083 -0.216553 -0.546338 0.766482
1.25
24.3908 90.5946 10.2942
1 1 1
0.318664 -0.297567 -0.561638 0.703186
1.375
24.3656 91.4743 19.2101
1 1 1
0.340631 -0.379354 -0.546636 0.664266
1.5
22.1829 93.3688 31.124
1 1 1
0.276475 -0.475522 -0.534192 0.641934
1.625
17.1482 95.188 43.2799
1 1 1
0.165005 -0.55344 -0.504751 0.641641
1.75
10.4515 97.1138 54.6478
1 1 1
0.0285906 -0.590212 -0.474937 0.652126
1.875
8.68302 99.7158 66.2599
1 1 1
-0.0700325 -0.572266 -0.425826 0.697337
2
10.3376 100.399 73.5062
1 1 1
-0.0836387 -0.515295 -0.391755 0.75763
2.125
14.3521 97.7491 74.6389
1 1 1
-0.010839 -0.450355 -0.39452 0.800885
2.25
17.9407 95.8821 72.9929
1 1 1
0.0594042 -0.378061 -0.401495 0.832072
2.375
19.1115 95.6549 72.4578
1 1 1
0.0765591 -0.345015 -0.402382 0.844507
0
19.486 92.8812 -0.653788
1 1 1
0.190889 -0.0529482 -0.517977 0.83214
0.125
19.5501 92.8715 -0.384476
1 1 1
0.185786 -0.0526521 -0.516779 0.834057
0.25
19.9139 92.873 -0.188362
1 1 1
0.179909 -0.0474881 -0.513116 0.837908
0.375
20.374 92.7365 0.242868
1 1 1
0.171464 -0.0417053 -0.510168 0.841777
0.5
20.9265 92.2886 0.650412
1 1 1
0.16497 -0.0336984 -0.508097 0.844682
0.625
21.979 91.7618 1.2791
1 1 1
0.166385 -0.0171178 -0.50135 0.848923
0.75
23.1899 91.4405 2.5112
1 1 1
0.170658 -0.0269258 -0.496425 0.850713
0.875
24.2653 90.9273 2.88272
1 1 1
0.183442 -0.0713544 -0.50239 0.841939
1
24.8469 90.2372 3.13628
1 1 1
0.212922 -0.137505 -0.519692 0.81589
1.125
24.1507 88.8495 4.78961
1 1 1
0.259083 -0.216553 -0.546338 0.766482
1.25
23.2013 88.3428 10.2284
1 1 1
0.318664 -0.297567 -0.561638 0.703186
1.375
23.0603 89.2942 19.0286
1 1 1
0.340631 -0.379354 -0.546636 0.664266
1.5
20.6237 91.3562 31.2124
1 1 1
0.276475 -0.475522 -0.534192 0.641934
1.625
15.3783 93.448 43.8541
1 1 1
0.165005 -0.55344 -0.504751 0.641641
1.75
8.58457 95.7976 55.7757
1 1 1
0.0285906 -0.590212 -0.474937 0.652126
1.875
7.03892 98.6537 67.8904
1 1 1
-0.0700325 -0.572266 -0.425826 0.697337
2
9.06784 99.2286 75.3789
1 1 1
-0.0836387 -0.515295 -0.391755 0.75763
2.125
13.3675 96.1616 76.371
1 1 1
-0.010839 -0.450355 -0.39452 0.800885
2.25
17.2325 93.9443 74.4873
1 1 1
0.0594042 -0.378061 -0.401495 0.832072
2.375
18.5278 93.6216 73.8772
1 1 1
0.0765591 -0.345015 -0.402382 0.844507
0
26.0514 93.6102 0.106241
1 1 1
0.11497 -0.076014 -0.81084 0.568808
0.125
26.1091 93.6055 0.284364
1 1 1
0.117167 -0.073409 -0.818555 0.55754
0.25
26.4466 93.6378 0.32501
1 1 1
0.117917 -0.0676419 -0.822374 0.552468
0.375
26.8664 93.5074 0.564486
1 1 1
0.11655 -0.063091 -0.824419 0.550245
0.5
27.3687 93.0448 0.774449
1 1 1
0.115551 -0.0572202 -0.822835 0.553459
0.625
28.3227 92.551 1.20198
1 1 1
0.114652 -0.0442302 -0.81175 0.570929
0.75
29.4396 92.1668 2.52133
1 1 1
0.126224 -0.0553315 -0.8009 0.582722
0.875
30.4786 91.4131 3.41411
1 1 1
0.158279 -0.0971225 -0.792175 0.581356
1
30.9376 90.2547 4.5255
1 1 1
0.21145 -0.153495 -0.787501 0.558185
1.125
29.8569 88.1283 7.21709
1 1 1
0.282514 -0.214569 -0.785842 0.506556
1.25
28.1315 86.9222 13.7758
1 1 1
-0.357803 0.277201 0.7747 -0.441562
1.375
27.112 87.6686 23.2624
1 1 1
-0.40115 0.343334 0.750846 -0.396776
1.5
24.0986 89.9923 35.8837
1 1 1
-0.37609 0.447567 0.722261 -0.369565
1.625
18.8043 92.9377 48.7761
1 1 1
-0.301961 0.555885 0.675638 -0.378582
1.75
12.5922 96.116 60.428
1 1 1
-0.195011 0.63267 0.625129 -0.413417
1.875
11.8087 99.6795 71.6897
1 1 1
-0.104934 0.646954 0.581672 -0.481765
2
14.2083 100.558 78.3568
1 1 1
0.0781388 -0.602682 -0.576638 0.546038
2.125
18.7042 97.6313 79.1525
1 1 1
0.127701 -0.524457 -0.59398 0.596511
2.25
22.6824 95.3013 77.0276
1 1 1
0.173516 -0.43686 -0.622717 0.625515
2.375
24.0442 94.9597 76.2108
1 1 1
0.178698 -0.402016 -0.63274 0.637252
0
25.334 91.5448 -0.113449
1 1 1
-0.147833 0.0634765 0.935928 -0.313298
0.125
25.3383 91.5619 0.042724
1 1 1
-0.149705 0.0513301 0.957853 -0.239732
0.25
25.6518 91.6059 0.0630556
1 1 1
-0.148085 0.0367905 0.971427 -0.181788
0.375
26.0594 91.4814 0.294757
1 1 1
-0.144341 0.0249661 0.97965 -0.137214
0.5
26.5762 91.0143 0.495755
1 1 1
-0.140386 0.0147964 0.982189 -0.124006
0.625
27.6156 90.4919 0.903916
1 1 1
-0.134373 0.00489516 0.974122 -0.181676
0.75
28.8046 90.085 2.21873
1 1 1
-0.149207 0.0121006 0.96048 -0.234666
0.875
29.8767 89.3215 3.1112
1 1 1
-0.192579 0.042505 0.9412 -0.274317
1
30.3061 88.1802 4.17023
1 1 1
-0.257727 0.0838355 0.91796 -0.289652
1.125
29.138 86.1123 6.71909
1 1 1
-0.338528 0.129333 0.89127 -0.272599
1.25
27.3536 84.9829 13.0956
1 1 1
-0.421892 0.179306 0.856013 -0.238953
1.375
26.3138 85.754 22.5374
1 1 1
-0.47424 0.241527 0.817538 -0.219984
1.5
23.1231 88.0794 35.4168
1 1 1
-0.46865 0.353527 0.78179 -0.210213
1.625
17.6375 91.0758 48.8044
1 1 1
-0.418251 0.475682 0.738533 -0.231004
1.75
11.3131 94.438 61.0418
1 1 1
-0.329628 0.573182 0.697462 -0.276323
1.875
10.6797 98.1496 72.7913
1 1 1
-0.244255 0.605756 0.67023 -0.352407
2
13.3482 98.9669 79.6051
1 1 1
-0.208589 0.567682 0.679144 -0.415921
2.125
18.1423 95.7798 80.1941
1 1 1
-0.240513 0.480312 0.706369 -0.460973
2.25
22.3369 93.2563 77.7538
1 1 1
-0.266888 0.384744 0.740194 -0.482551
2.375
23.7719 92.8719 76.8399
1 1 1
-0.264624 0.349498 0.752418 -0.491622
0
24.1869 90.6311 -0.471043
1 1 1
-0.134577 0.0642891 0.946629 -0.285743
0.125
24.0699 90.8454 -0.35296
1 1 1
-0.135755 0.0509199 0.9665 -0.211791
0.25
24.3082 91.0563 -0.350975
1 1 1
-0.133509 0.035507 0.978408 -0.153728
0.375
24.6696 91.0646 -0.121726
1 1 1
-0.129302 0.0230814 0.985311 -0.109135
0.5
25.1726 90.6403 0.0850893
1 1 1
-0.125022 0.0128174 0.987413 -0.0960242
0.625
26.2603 89.9556 0.5115
1 1 1
-0.118862 0.004013 0.980879 -0.15405
0.75
27.5285 89.399 1.79472
1 1 1
-0.13411 0.011644 0.968975 -0.207281
0.875
28.7063 88.5173 2.59926
1 1 1
-0.178625 0.0414443 0.951516 -0.246968
1
29.2504 87.3122 3.52937
1 1 1
-0.245275 0.0811622 0.929762 -0.262289
1.125
28.1988 85.2466 5.9147
1 1 1
-0.327742 0.124086 0.903898 -0.24527
1.25
26.5538 84.137 12.1347
1 1 1
-0.413034 0.171145 0.869044 -0.211835
1.375
25.6293 84.8652 21.5273
1 1 1
-0.467724 0.231555 0.830892 -0.192966
1.5
22.41 87.0831 34.5351
1 1 1
-0.465865 0.343497 0.794798 -0.182416
1.625
16.8172 89.9601 48.2036
1 1 1
-0.419626 0.467341 0.751343 -0.202461
1.75
10.3621 93.2858 60.8259
1 1 1
-0.334454 0.568012 0.710153 -0.247355
1.875
9.72523 96.9899 72.9416
1 1 1
-0.25048 0.604192 0.683715 -0.323646
2
12.4922 97.7567 79.8904
1 1 1
-0.213618 0.568159 0.693844 -0.387484
2.125
17.4489 94.448 80.3497
1 1 1
-0.242627 0.480655 0.722835 -0.433143
2.25
21.7454 91.868 77.7179
1 1 1
-0.265754 0.384739 0.757672 -0.455285
2.375
23.2035 91.4759 76.7576
1 1 1
-0.262303 0.34972 0.770109 -0.464569
0
22.9457 89.6427 -0.857852
1 1 1
-0.134577 0.0642891 0.946629 -0.285743
0.125
22.6977 90.0703 -0.780976
1 1 1
-0.135755 0.0509199 0.9665 -0.211791
0.25
22.8547 90.4617 -0.798839
1 1 1
-0.133509 0.035507 0.978408 -0.153728
0.375
23.166 90.6138 -0.572242
1 1 1
-0.129302 0.0230814 0.985311 -0.109135
0.5
23.6541 90.2357 -0.359132
1 1 1
-0.125022 0.0128174 0.987413 -0.0960242
0.625
24.7939 89.3753 0.0870206
1 1 1
-0.118862 0.004013 0.980879 -0.15405
0.75
26.148 88.6569 1.33606
1 1 1
-0.13411 0.011644 0.968975 -0.207281
0.875
27.4401 87.6473 2.04547
1 1 1
-0.178625 0.0414443 0.951516 -0.246968
1
28.1082 86.3731 2.8361
1 1 1
-0.245275 0.0811622 0.929762 -0.262289
1.125
27.1826 84.31 5.04451
1 1 1
-0.327742 0.124086 0.903898 -0.24527
1.25
25.6885 83.2218 11.0952
1 1 1
-0.413034 0.171145 0.869044 -0.211835
1.375
24.8887 83.9037 20.4346
1 1 1
-0.467724 0.231555 0.830892 -0.192966
1.5
21.6385 86.0052 33.5813
1 1 1
-0.465865 0.343497 0.794798 -0.182416
1.625
15.9296 88.7531 47.5537
1 1 1
-0.419626 0.467341 0.751343 -0.202461
1.75
9.33313 92.0393 60.5924
1 1 1
-0.334454 0.568012 0.710153 -0.247355
1.875
8.69253 95.7353 73.1042
1 1 1
-0.25048 0.604192 0.683715 -0.323646
2
11.5662 96.4474 80.1989
1 1 1
-0.213618 0.568159 0.693844 -0.387484
2.125
16.6987 93.0073 80.518
1 1 1
-0.242627 0.480655 0.722835 -0.433143
2.25
21.1054 90.366 77.6792
1 1 1
-0.265754 0.384739 0.757672 -0.455285
2.375
22.5884 89.9657 76.6685
1 1 1
-0.262303 0.34972 0.770109 -0.464569
0
27.0932 93.6543 -2.57497
1 1 1
0.0876643 -0.0879147 -0.816363 0.564037
0.125
27.1455 93.6604 -2.39876
1 1 1
0.0888838 -0.0860275 -0.824145 0.552706
0.25
27.4631 93.7286 -2.36475
1 1 1
0.0895986 -0.0805463 -0.827864 0.547838
0.375
27.859 93.6305 -2.13292
1 1 1
0.088993 -0.075795 -0.829652 0.545905
0.5
28.3374 93.2171 -1.92894
1 1 1
0.0897154 -0.0690589 -0.827732 0.549584
0.625
29.2465 92.8232 -1.50887
1 1 1
0.0919886 -0.054203 -0.816178 0.56785
0.75
30.4492 92.4637 -0.156136
1 1 1
0.106976 -0.0630577 -0.80518 0.579884
0.875
31.7615 91.6505 0.85009
1 1 1
0.142573 -0.10225 -0.796657 0.578408
1
32.6147 90.4001 2.19258
1 1 1
0.199243 -0.155855 -0.792229 0.555325
1.125
31.9682 88.1394 5.26306
1 1 1
0.273651 -0.214302 -0.790586 0.504146
1.25
30.6087 86.7453 12.3238
1 1 1
-0.351951 0.274952 0.779133 -0.439867
1.375
29.7771 87.2595 22.2593
1 1 1
-0.397568 0.340016 0.754802 -0.395731
1.5
26.7611 89.1232 35.2264
1 1 1
-0.373918 0.443944 0.726081 -0.368654
1.625
21.3588 91.6692 48.3992
1 1 1
-0.300226 0.552627 0.679791 -0.377295
1.75
15.0032 94.5652 60.1869
1 1 1
-0.193398 0.629981 0.629531 -0.411597
1.875
14.1698 98.0791 71.3153
1 1 1
-0.103114 0.644824 0.58614 -0.479594
2
16.5648 99.0889 77.6046
1 1 1
0.0759132 -0.600765 -0.581002 0.543835
2.125
21.1127 96.5813 77.9809
1 1 1
0.125009 -0.522431 -0.598188 0.594651
2.25
25.0312 94.6672 75.4922
1 1 1
0.170414 -0.434641 -0.626664 0.62397
2.375
26.3217 94.4567 74.5266
1 1 1
0.175435 -0.399759 -0.636559 0.635773
0
26.2974 91.5154 -2.67539
1 1 1
-0.091119 0.0597371 0.976946 -0.183593
0.125
26.2929 91.5443 -2.51621
1 1 1
-0.090326 0.0541019 0.985709 -0.131496
0.25
26.5866 91.6236 -2.50204
1 1 1
-0.0875301 0.0464746 0.990277 -0.0976223
0.375
26.9723 91.5304 -2.2812
1 1 1
-0.0840491 0.0411183 0.992576 -0.0777012
0.5
27.4697 91.1104 -2.09482
1 1 1
-0.0815928 0.0351386 0.992506 -0.0839057
0.625
28.474 90.6829 -1.71126
1 1 1
-0.0791122 0.0243724 0.985916 -0.14532
0.75
29.7533 90.2997 -0.382604
1 1 1
-0.0989356 0.0295291 0.974032 -0.201496
0.875
31.0984 89.4786 0.601365
1 1 1
-0.148632 0.0563474 0.956849 -0.243255
1
31.9206 88.2482 1.86683
1 1 1
-0.220636 0.0929784 0.935308 -0.260526
1.125
31.1872 86.0505 4.76822
1 1 1
-0.308247 0.133213 0.909379 -0.245495
1.25
29.7742 84.7374 11.6235
1 1 1
-0.398085 0.1787 0.874009 -0.213783
1.375
28.9303 85.2772 21.503
1 1 1
-0.455996 0.238672 0.834681 -0.195985
1.5
25.7364 87.1419 34.7337
1 1 1
-0.455238 0.350306 0.797318 -0.185282
1.625
20.1366 89.7394 48.4193
1 1 1
-0.408571 0.473861 0.75293 -0.204015
1.75
13.6637 92.8247 60.8152
1 1 1
-0.322978 0.574155 0.710409 -0.247691
1.875
12.9848 96.491 72.452
1 1 1
-0.239045 0.610291 0.682456 -0.323505
2
15.658 97.4369 78.8957
1 1 1
-0.202485 0.574561 0.691719 -0.387819
2.125
20.5153 94.6577 79.0586
1 1 1
-0.232039 0.487791 0.720696 -0.434528
2.25
24.6582 92.5423 76.2434
1 1 1
-0.255699 0.39234 0.755679 -0.457861
2.375
26.0246 92.2873 75.1776
1 1 1
-0.252447 0.357398 0.768046 -0.467593
0
24.1099 90.6327 -3.04825
1 1 1
-0.0911394 0.0597333 0.976944 -0.183594
0.125
24.0263 90.9019 -2.90755
1 1 1
-0.0903467 0.0540991 0.985708 -0.131497
0.25
24.2805 91.1424 -2.89444
1 1 1
-0.0875508 0.0464725 0.990275 -0.0976233
0.375
24.6466 91.1456 -2.66447
1 1 1
-0.0840699 0.0411167 0.992574 -0.077702
0.5
25.1469 90.699 -2.46759
1 1 1
-0.0816136 0.0351368 0.992504 -0.0839064
0.625
26.2166 89.9894 -2.06695
1 1 1
-0.0791328 0.0243694 0.985914 -0.14532
0.75
27.6058 89.3484 -0.814528
1 1 1
-0.098956 0.0295248 0.97403 -0.201497
0.875
29.0984 88.3269 -0.0125177
1 1 1
-0.148652 0.0563423 0.956846 -0.243257
1
30.0891 86.9864 0.996801
1 1 1
-0.220656 0.0929729 0.935303 -0.260528
1.125
29.5407 84.7881 3.58548
1 1 1
-0.308266 0.133208 0.909373 -0.245498
1.25
28.3613 83.5052 10.1441
1 1 1
-0.398104 0.178695 0.874 -0.213787
1.375
27.7188 83.9761 19.9084
1 1 1
-0.456014 0.238668 0.834672 -0.19599
1.5
24.5021 85.6746 33.31
1 1 1
-0.455254 0.350302 0.797308 -0.185289
1.625
18.7445 88.081 47.4116
1 1 1
-0.408587 0.473856 0.752921 -0.204025
1.75
12.0668 91.0985 60.3985
1 1 1
-0.322993 0.574149 0.710402 -0.247703
1.875
11.3695 94.7396 72.6158
1 1 1
-0.239059 0.610285 0.682451 -0.323518
2
14.184 95.5999 79.291
1 1 1
-0.2025 0.574553 0.691715 -0.387831
2.125
19.2861 92.6213 79.2722
1 1 1
-0.232054 0.487782 0.720691 -0.434539
2.25
23.5836 90.4105 76.1784
1 1 1
-0.255715 0.39233 0.755674 -0.457869
2.375
24.9852 90.141 75.0496
1 1 1
-0.252463 0.357388 0.76804 -0.467601
0
22.5061 89.9855 -3.32167
1 1 1
-0.0911394 0.0597333 0.976944 -0.183594
0.125
22.3645 90.4309 -3.19453
1 1 1
-0.0903467 0.0540991 0.985708 -0.131497
0.25
22.5898 90.7896 -3.18219
1 1 1
-0.0875508 0.0464725 0.990275 -0.0976233
0.375
22.9417 90.8634 -2.94553
1 1 1
-0.0840699 0.0411167 0.992574 -0.077702
0.5
23.444 90.3973 -2.74096
1 1 1
-0.0816136 0.0351368 0.992504 -0.0839064
0.625
24.5616 89.4809 -2.32779
1 1 1
-0.0791328 0.0243694 0.985914 -0.14532
0.75
26.0314 88.6508 -1.13125
1 1 1
-0.098956 0.0295248 0.97403 -0.201497
0.875
27.6321 87.4825 -0.462639
1 1 1
-0.148652 0.0563423 0.956846 -0.243257
1
28.7464 86.0612 0.358899
1 1 1
-0.220656 0.0929729 0.935303 -0.260528
1.125
28.3337 83.8625 2.71833
1 1 1
-0.308266 0.133208 0.909373 -0.245498
1.25
27.3254 82.6018 9.05946
1 1 1
-0.398104 0.178695 0.874 -0.213787
1.375
26.8307 83.0221 18.7393
1 1 1
-0.456014 0.238668 0.834672 -0.19599
1.5
23.5973 84.5988 32.2662
1 1 1
-0.455254 0.350302 0.797308 -0.185289
1.625
17.724 86.865 46.673
1 1 1
-0.408587 0.473856 0.752921 -0.204025
1.75
10.8961 89.8329 60.0931
1 1 1
-0.322993 0.574149 0.710402 -0.247703
1.875
10.1853 93.4556 72.7359
1 1 1
-0.239059 0.610285 0.682451 -0.323518
2
13.1035 94.253 79.5808
1 1 1
-0.2025 0.574553 0.691715 -0.387831
2.125
18.3851 91.1283 79.4288
1 1 1
-0.232054 0.487782 0.720691 -0.434539
2.25
22.7959 88.8476 76.1308
1 1 1
-0.255715 0.39233 0.755674 -0.457869
2.375
24.2232 88.5674 74.9558
1 1 1
-0.252463 0.357388 0.76804 -0.467601
0
27.5597 94.2866 -5.35682
1 1 1
0.0379875 -0.107127 -0.821837 0.55827
0.125
27.6044 94.3019 -5.17977
1 1 1
0.0383214 -0.104874 -0.829659 0.54699
0.25
27.8964 94.402 -5.14232
1 1 1
0.0388887 -0.0975026 -0.833468 0.542505
0.375
28.2644 94.3338 -4.90727
1 1 1
0.0387207 -0.0894267 -0.835358 0.540999
0.5
28.7168 93.9691 -4.69418
1 1 1
0.0406188 -0.0780533 -0.833613 0.545296
0.625
29.5757 93.6719 -4.25245
1 1 1
0.0451804 -0.0573623 -0.822128 0.564601
0.75
30.8696 93.3422 -2.87781
1 1 1
0.0625633 -0.0595525 -0.812125 0.577055
0.875
32.4839 92.4894 -1.8202
1 1 1
0.100914 -0.0913734 -0.806003 0.576044
1
33.7981 91.1853 -0.325148
1 1 1
0.161051 -0.137216 -0.804752 0.554624
1.125
33.7016 88.8451 3.05997
1 1 1
0.240092 -0.1881 -0.806365 0.506705
1.25
32.8461 87.307 10.5818
1 1 1
-0.323789 0.242864 0.797883 -0.446723
1.375
32.3151 87.5961 20.9172
1 1 1
-0.373771 0.304809 0.776363 -0.405768
1.5
29.4203 88.9425 34.1072
1 1 1
-0.353349 0.408179 0.752119 -0.377956
1.625
23.9727 90.945 47.3997
1 1 1
-0.280556 0.519343 0.710714 -0.382698
1.75
17.4447 93.3736 59.1993
1 1 1
-0.173097 0.600055 0.663771 -0.411557
1.875
16.4289 96.7032 70.1494
1 1 1
-0.0800247 0.618121 0.620999 -0.475271
2
18.6856 97.8398 76.0885
1 1 1
0.0494486 -0.575017 -0.613983 0.538456
2.125
23.1889 95.8348 76.1132
1 1 1
0.0953266 -0.495954 -0.62804 0.592038
2.25
26.9655 94.4283 73.3575
1 1 1
0.13842 -0.406769 -0.652731 0.623956
2.375
28.1477 94.3724 72.2873
1 1 1
0.14254 -0.371496 -0.661033 0.636167
0
26.75 92.2811 -5.2329
1 1 1
-0.0311783 0.0838331 0.995942 -0.00993445
0.125
26.7408 92.3182 -5.06892
1 1 1
-0.0319466 0.0768941 0.994433 0.06457
0.25
27.0118 92.4265 -5.05351
1 1 1
-0.029657 0.0675277 0.98991 0.120994
0.375
27.3727 92.3607 -4.83774
1 1 1
-0.025957 0.0599118 0.984438 0.163152
0.5
27.8459 91.9858 -4.65643
1 1 1
-0.0213495 0.0512905 0.983204 0.173849
0.625
28.7994 91.6496 -4.27301
1 1 1
-0.013757 0.0381967 0.992662 0.113905
0.75
30.163 91.2956 -2.949
1 1 1
-0.0321599 0.0335846 0.997125 0.0598359
0.875
31.7994 90.4377 -1.9445
1 1 1
-0.0857276 0.040407 0.9953 0.0199055
1
33.077 89.1557 -0.556894
1 1 1
-0.164629 0.0487254 0.985149 0.00210602
1.125
32.8974 86.8791 2.63418
1 1 1
-0.261329 0.0543476 0.963634 0.0127615
1.25
31.9986 85.422 9.93262
1 1 1
-0.3637 0.0645661 0.928595 0.035572
1.375
31.4674 85.7375 20.1958
1 1 1
-0.439873 0.100449 0.891319 0.0444003
1.5
28.4138 87.086 33.6243
1 1 1
-0.473207 0.204945 0.855226 0.0515879
1.625
22.7819 89.1352 47.397
1 1 1
-0.46474 0.338203 0.817725 0.0309984
1.75
16.142 91.74 59.7715
1 1 1
-0.411692 0.461777 0.78555 -0.0135066
1.875
15.269 95.2102 71.207
1 1 1
-0.340969 0.525151 0.774588 -0.0892791
2
17.786 96.2843 77.2986
1 1 1
-0.293904 0.504948 0.797596 -0.149965
2.125
22.5805 94.019 77.126
1 1 1
-0.29549 0.41608 0.837919 -0.193535
2.25
26.569 92.4198 74.0657
1 1 1
-0.289243 0.318748 0.87702 -0.213479
2.375
27.8229 92.321 72.9031
1 1 1
-0.275525 0.286452 0.890428 -0.22174
0
24.8778 92.2341 -5.3463
1 1 1
-0.0269063 0.0835983 0.996136 -0.000551376
0.125
24.8841 92.5499 -5.20676
1 1 1
-0.0276198 0.0762768 0.993961 0.0739006
0.25
25.1939 92.8684 -5.19434
1 1 1
-0.0252689 0.0666469 0.988918 0.130234
0.375
25.599 92.9575 -4.97031
1 1 1
-0.0215282 0.058852 0.983049 0.172302
0.5
26.0849 92.6231 -4.76866
1 1 1
-0.0168495 0.0502186 0.981695 0.182943
0.625
26.9727 92.0719 -4.34058
1 1 1
-0.00909197 0.0374963 0.991654 0.123022
0.75
28.3042 91.5154 -3.07687
1 1 1
-0.0274298 0.0329917 0.996696 0.0689724
0.875
29.9523 90.4991 -2.26769
1 1 1
-0.0810653 0.0395332 0.9955 0.0290621
1
31.3026 89.1334 -1.16585
1 1 1
-0.160089 0.0472311 0.985908 0.0112142
1.125
31.2782 86.8719 1.68664
1 1 1
-0.256943 0.0519294 0.964786 0.0217039
1.25
30.6236 85.4578 8.65673
1 1 1
-0.359577 0.0611113 0.93006 0.0442496
1.375
30.3247 85.7203 18.7079
1 1 1
-0.436257 0.0962623 0.893092 0.0529231
1.5
27.3878 86.8876 32.0661
1 1 1
-0.470711 0.200417 0.857104 0.0603128
1.625
21.7198 88.6406 45.9316
1 1 1
-0.463632 0.333848 0.819748 0.0400594
1.75
14.9026 90.9869 58.5814
1 1 1
-0.411862 0.458117 0.787707 -0.00410933
1.875
13.859 94.2788 70.3919
1 1 1
-0.341767 0.522506 0.77707 -0.0796567
2
16.3184 95.2786 76.7031
1 1 1
-0.294407 0.503034 0.800385 -0.140235
2.125
21.1726 92.9491 76.4991
1 1 1
-0.29499 0.414376 0.841106 -0.183887
2.25
25.1778 91.3713 73.3692
1 1 1
-0.287671 0.317206 0.880353 -0.20397
2.375
26.4161 91.284 72.2209
1 1 1
-0.273595 0.285077 0.893766 -0.212272
0
22.6427 92.1782 -5.48168
1 1 1
-0.0269063 0.0835983 0.996136 -0.000551376
0.125
22.6674 92.8266 -5.37132
1 1 1
-0.0276198 0.0762768 0.993961 0.0739006
0.25
23.0234 93.3961 -5.36246
1 1 1
-0.0252689 0.0666469 0.988918 0.130234
0.375
23.4813 93.6701 -5.12857
1 1 1
-0.0215282 0.058852 0.983049 0.172302
0.5
23.9824 93.384 -4.90263
1 1 1
-0.0168495 0.0502186 0.981695 0.182943
0.625
24.7917 92.5761 -4.42125
1 1 1
-0.00909197 0.0374963 0.991654 0.123022
0.75
26.0849 91.7779 -3.22953
1 1 1
-0.0274298 0.0329917 0.996696 0.0689724
0.875
27.7471 90.5724 -2.65353
1 1 1
-0.0810653 0.0395332 0.9955 0.0290621
1
29.184 89.1068 -1.89288
1 1 1
-0.160089 0.0472311 0.985908 0.0112142
1.125
29.3449 86.8634 0.555381
1 1 1
-0.256943 0.0519294 0.964786 0.0217039
1.25
28.9819 85.5006 7.13344
1 1 1
-0.359577 0.0611113 0.93006 0.0442496
1.375
28.9604 85.6996 16.9315
1 1 1
-0.436257 0.0962623 0.893092 0.0529231
1.5
26.163 86.6508 30.2057
1 1 1
-0.470711 0.200417 0.857104 0.0603128
1.625
20.4517 88.05 44.1822
1 1 1
-0.463632 0.333848 0.819748 0.0400594
1.75
13.4227 90.0877 57.1605
1 1 1
-0.411862 0.458117 0.787707 -0.00410933
1.875
12.1756 93.1668 69.4187
1 1 1
-0.341767 0.522506 0.77707 -0.0796567
2
14.5661 94.0779 75.9921
1 1 1
-0.294407 0.503034 0.800385 -0.140235
2.125
19.4916 91.6719 75.7506
1 1 1
-0.29499 0.414376 0.841106 -0.183887
2.25
23.5167 90.1196 72.5376
1 1 1
-0.287671 0.317206 0.880353 -0.20397
2.375
24.7365 90.0459 71.4063
1 1 1
-0.273595 0.285077 0.893766 -0.212272
0
27.632 95.3015 -7.79042
1 1 1
0.0364568 -0.100999 -0.85039 0.51508
0.125
27.6686 95.3236 -7.6107
1 1 1
0.0363997 -0.0980042 -0.857659 0.50348
0.25
27.9343 95.4488 -7.56318
1 1 1
-0.0373807 0.0899391 0.861218 -0.498816
0.375
28.2757 95.4047 -7.3178
1 1 1
-0.0385183 0.0812715 0.862999 -0.497136
0.5
28.7042 95.0813 -7.08593
1 1 1
0.0424576 -0.0693869 -0.861413 0.501349
0.625
29.5161 94.8647 -6.60433
1 1 1
0.0495659 -0.0483812 -0.85081 0.520888
0.75
30.8919 94.5631 -5.2159
1 1 1
0.0709753 -0.0495026 -0.841316 0.533572
0.875
32.7842 93.6878 -4.15069
1 1 1
0.115028 -0.0792126 -0.834579 0.53289
1
34.5384 92.3592 -2.56827
1 1 1
0.181461 -0.122121 -0.830818 0.511761
1.125
34.9891 89.9798 1.05686
1 1 1
-0.266539 0.169682 0.827549 -0.464033
1.25
34.6518 88.34 8.96015
1 1 1
-0.355462 0.221264 0.812898 -0.404828
1.375
34.4466 88.439 19.6119
1 1 1
-0.410033 0.281446 0.78668 -0.36578
1.5
31.7392 89.3098 32.9051
1 1 1
-0.395629 0.386402 0.75986 -0.341736
1.625
26.3017 90.7603 46.1752
1 1 1
-0.328345 0.500917 0.719309 -0.351945
1.75
19.6161 92.67 57.8773
1 1 1
-0.224739 0.586315 0.675721 -0.386172
1.875
18.3572 95.7535 68.6205
1 1 1
-0.132461 0.607637 0.638477 -0.453408
2
20.4007 96.9989 74.2695
1 1 1
0.0999966 -0.564802 -0.636052 0.516176
2.125
24.7911 95.4868 74.0469
1 1 1
0.142252 -0.482273 -0.652738 0.566666
2.25
28.3855 94.5786 71.1397
1 1 1
0.181207 -0.390383 -0.679004 0.594743
2.375
29.4492 94.6709 70.0125
1 1 1
0.183677 -0.354748 -0.6882 0.605637
0
26.9023 93.9203 -7.72462
1 1 1
-0.020836 0.0894525 0.992141 0.0849773
0.125
26.9019 93.9622 -7.55395
1 1 1
-0.0203762 0.0846368 0.983322 0.159684
0.25
27.1532 94.095 -7.52348
1 1 1
-0.0167483 0.0770928 0.972924 0.217245
0.375
27.4896 94.0534 -7.29532
1 1 1
-0.0118116 0.0706015 0.962558 0.261455
0.5
27.9323 93.7217 -7.09143
1 1 1
-0.00591451 0.0619834 0.959303 0.275428
0.625
28.8087 93.4715 -6.65732
1 1 1
0.00275644 0.0477574 0.97418 0.220646
0.75
30.2344 93.1484 -5.31995
1 1 1
-0.0153798 0.0392876 0.984182 0.172064
0.875
32.1501 92.2686 -4.31881
1 1 1
-0.0699267 0.0380461 0.987311 0.137405
1
33.8968 90.9604 -2.8442
1 1 1
-0.150085 0.0348542 0.980298 0.123592
1.125
34.321 88.6376 0.613398
1 1 1
-0.247819 0.0261857 0.958852 0.136026
1.25
33.9959 87.0651 8.33674
1 1 1
-0.351956 0.0210847 0.922335 0.15805
1.375
33.8272 87.1784 18.9252
1 1 1
-0.433434 0.0452144 0.884755 0.165221
1.5
31.0303 88.0199 32.378
1 1 1
-0.481352 0.143417 0.847694 0.170728
1.625
25.4626 89.4544 45.988
1 1 1
-0.491529 0.276675 0.812424 0.147708
1.75
18.6768 91.4421 58.1104
1 1 1
-0.456195 0.406796 0.784965 0.101162
1.875
17.4913 94.5967 69.2176
1 1 1
-0.395116 0.480254 0.782686 0.0253481
2
19.7015 95.7957 74.9823
1 1 1
-0.345692 0.46765 0.81287 -0.0322955
2.125
24.2949 94.1157 74.6111
1 1 1
-0.334949 0.380316 0.859094 -0.0715999
2.25
28.0307 93.0947 71.481
1 1 1
-0.315222 0.28523 0.900868 -0.0878385
2.375
29.1381 93.1638 70.2891
1 1 1
-0.297137 0.255261 0.91518 -0.0948539
0
25.6434 94.131 -7.79685
1 1 1
-0.0340983 0.0906409 0.991949 0.0816026
0.125
25.6897 94.3593 -7.63968
1 1 1
-0.0335295 0.0868381 0.9833 0.156387
0.25
25.9961 94.632 -7.60791
1 1 1
-0.0297773 0.0800677 0.973076 0.214067
0.375
26.3863 94.6947 -7.37154
1 1 1
-0.0247146 0.0741661 0.962874 0.258383
0.5
26.8478 94.3963 -7.14954
1 1 1
-0.0187926 0.0657256 0.95973 0.272479
0.625
27.6548 94.0213 -6.67734
1 1 1
-0.0103551 0.0507389 0.974604 0.217863
0.75
29.0322 93.5798 -5.37588
1 1 1
-0.0286436 0.0416502 0.984254 0.169379
0.875
30.9324 92.6086 -4.50865
1 1 1
-0.0832305 0.0400572 0.986567 0.134733
1
32.715 91.2567 -3.23136
1 1 1
-0.163293 0.0368521 0.978438 0.12098
1.125
33.2468 88.9544 -0.00324292
1 1 1
-0.260746 0.0285653 0.955695 0.133577
1.25
33.098 87.4187 7.49823
1 1 1
-0.364389 0.0239895 0.917817 0.155747
1.375
33.0988 87.502 17.9256
1 1 1
-0.445297 0.0483911 0.879151 0.162672
1.5
30.4187 88.2133 31.2721
1 1 1
-0.492494 0.146763 0.841455 0.166926
1.625
24.8576 89.4135 44.8625
1 1 1
-0.501903 0.279719 0.806 0.142177
1.75
17.9566 91.1706 57.0896
1 1 1
-0.465918 0.409119 0.778922 0.0939299
1.875
16.6137 94.1622 68.3958
1 1 1
-0.404654 0.481409 0.777308 0.017132
2
18.7313 95.3152 74.3025
1 1 1
-0.355671 0.467918 0.808034 -0.0404006
2.125
23.3164 93.6327 73.9451
1 1 1
-0.345746 0.380034 0.854314 -0.078617
2.25
27.026 92.6624 70.819
1 1 1
-0.326793 0.284695 0.896317 -0.0936548
2.375
28.1083 92.7479 69.6558
1 1 1
-0.30897 0.254594 0.910857 -0.100294
0
23.9337 94.4172 -7.89505
1 1 1
-0.0340983 0.0906409 0.991949 0.0816026
0.125
24.0434 94.8984 -7.75621
1 1 1
-0.0335295 0.0868381 0.9833 0.156387
0.25
24.4247 95.3613 -7.72267
1 1 1
-0.0297773 0.0800677 0.973076 0.214067
0.375
24.8878 95.5655 -7.47514
1 1 1
-0.0247146 0.0741661 0.962874 0.258383
0.5
25.3751 95.3123 -7.22855
1 1 1
-0.0187926 0.0657256 0.95973 0.272479
0.625
26.0876 94.768 -6.70464
1 1 1
-0.0103551 0.0507389 0.974604 0.217863
0.75
27.3996 94.1656 -5.45195
1 1 1
-0.0286436 0.0416502 0.984254 0.169379
0.875
29.2787 93.0703 -4.76657
1 1 1
-0.0832305 0.0400572 0.986567 0.134733
1
31.11 91.6591 -3.75724
1 1 1
-0.163293 0.0368521 0.978438 0.12098
1.125
31.7881 89.3847 -0.840778
1 1 1
-0.260746 0.0285653 0.955695 0.133577
1.25
31.8786 87.899 6.35939
1 1 1
-0.364389 0.0239895 0.917817 0.155747
1.375
32.1098 87.9414 16.568
1 1 1
-0.445297 0.0483911 0.879151 0.162672
1.5
29.5882 88.476 29.7702
1 1 1
-0.492494 0.146763 0.841455 0.166926
1.625
24.036 89.3578 43.334
1 1 1
-0.501903 0.279719 0.806 0.142177
1.75
16.9785 90.8018 55.7033
1 1 1
-0.465918 0.409119 0.778922 0.0939299
1.875
15.4217 93.5721 67.2798
1 1 1
-0.404654 0.481409 0.777308 0.017132
2
17.4136 94.6626 73.3792
1 1 1
-0.355671 0.467918 0.808034 -0.0404006
2.125
21.9876 92.9767 73.0405
1 1 1
-0.345746 0.380034 0.854314 -0.078617
2.25
25.6617 92.0753 69.92
1 1 1
-0.326793 0.284695 0.896317 -0.0936548
2.375
26.71 92.1829 68.7956
1 1 1
-0.30897 0.254594 0.910857 -0.100294
0
-5.18546 165.776 -6.86984
1 1 1
0.151545 0.0428732 0.0219439 0.987276
0.125
-5.24286 165.734 -6.69834
1 1 1
0.154217 0.0434429 0.0232069 0.986809
0.25
-5.21769 165.744 -6.24627
1 1 1
0.158725 0.0446686 0.0234575 0.986033
0.375
-4.93513 165.645 -5.54593
1 1 1
0.163651 0.0455629 0.0218212 0.985224
0.5
-4.36535 165.351 -4.62528
1 1 1
0.168941 0.0476476 0.0170175 0.984327
0.625
-3.4581 165.049 -3.23923
1 1 1
0.173783 0.0502324 0.00942239 0.983457
0.75
-2.27795 164.947 -1.19477
1 1 1
0.17719 0.0507737 0.000755473 0.982866
0.875
-0.804768 164.715 1.23325
1 1 1
0.18165 0.0478155 -0.00949892 0.982154
1
0.948924 164.282 3.71402
1 1 1
0.192542 0.0385417 -0.0173907 0.980377
1.125
2.59876 163.209 5.87568
1 1 1
0.214192 0.0234111 -0.0255874 0.976176
1.25
3.73619 162.774 8.99789
1 1 1
0.231221 0.00264012 -0.0332927 0.972328
1.375
4.3967 163.041 13.5359
1 1 1
0.24097 -0.0173126 -0.038407 0.969618
1.5
4.14642 163.128 18.9768
1 1 1
0.248309 -0.0333761 -0.0383615 0.967345
1.625
2.35661 162.467 25.5
1 1 1
0.250405 -0.0422515 -0.0349143 0.966588
1.75
-0.396304 160.434 32.2718
1 1 1
0.254392 -0.037882 -0.0294752 0.965909
1.875
-2.75404 159.569 39.7892
1 1 1
0.25193 -0.0293909 -0.016376 0.96716
2
-4.75231 160.032 48.0432
1 1 1
0.245197 -0.0263385 0.00538996 0.9691
2.125
-7.21146 160.339 55.7589
1 1 1
0.242678 -0.0123806 0.0258407 0.969684
2.25
-8.93248 160.775 62.2598
1 1 1
0.234112 0.0296212 0.0403472 0.97092
2.375
-9.46159 161.096 64.3571
1 1 1
0.227691 0.0475646 0.0413985 0.97169
0
-16.8764 162.126 -6.90671
1 1 1
0.188303 0.137431 0.622717 0.746912
0.125
-16.9248 162.055 -6.74485
1 1 1
0.186694 0.142344 0.624512 0.744895
0.25
-16.8978 162.059 -6.2957
1 1 1
0.187628 0.147763 0.625816 0.742506
0.375
-16.6277 162 -5.60098
1 1 1
0.191378 0.150902 0.625301 0.741351
0.5
-16.0912 161.815 -4.64675
1 1 1
0.197078 0.150757 0.622586 0.742172
0.625
-15.234 161.683 -3.19894
1 1 1
0.205145 0.14951 0.616951 0.744938
0.75
-14.1097 161.784 -1.12456
1 1 1
0.208668 0.141698 0.61067 0.750641
0.875
-12.7024 161.808 1.25429
1 1 1
0.211174 0.122884 0.599761 0.761966
1
-11.0027 161.616 3.49272
1 1 1
0.211432 0.0953235 0.582909 0.778735
1.125
-9.4008 160.845 5.22366
1 1 1
0.21608 0.0573992 0.562537 0.795969
1.25
-8.28341 160.741 7.8164
1 1 1
0.215901 0.0128633 0.551492 0.805654
1.375
-7.60711 161.268 11.8731
1 1 1
0.206439 -0.0280965 0.552607 0.806981
1.5
-7.81102 161.472 16.9086
1 1 1
0.195534 -0.0642477 0.557833 0.804028
1.625
-9.55521 160.791 23.1981
1 1 1
0.189599 -0.0980064 0.56833 0.794637
1.75
-12.2977 158.62 30.0202
1 1 1
0.214115 -0.139093 0.575658 0.776805
1.875
-14.6184 157.392 37.668
1 1 1
0.217682 -0.149529 0.585371 0.766548
2
-16.5005 157.311 45.9033
1 1 1
0.210023 -0.146177 0.594923 0.761964
2.125
-18.8552 157.063 53.8374
1 1 1
0.211252 -0.128543 0.601269 0.759819
2.25
-20.5117 156.909 61.269
1 1 1
0.219741 -0.0784561 0.602899 0.762936
2.375
-21.0244 157.095 63.8133
1 1 1
0.220869 -0.0554229 0.600583 0.76645
0
-23.7512 133.809 -9.33099
1 1 1
0.0369222 0.31316 0.64175 0.699088
0.125
-23.5993 133.671 -8.92772
1 1 1
0.038897 0.313065 0.642884 0.697981
0.25
-23.4022 133.622 -8.29952
1 1 1
0.0443535 0.312469 0.644052 0.696845
0.375
-23.1305 133.562 -7.59512
1 1 1
0.0502566 0.312937 0.644219 0.696079
0.5
-22.804 133.437 -6.80304
1 1 1
0.0554785 0.314001 0.642894 0.696429
0.625
-22.3858 133.432 -5.59282
1 1 1
0.0634352 0.314748 0.639277 0.698738
0.75
-21.8267 133.714 -3.86666
1 1 1
0.0677303 0.309201 0.633988 0.705596
0.875
-21.4266 134.116 -2.21162
1 1 1
0.0635628 0.303943 0.624876 0.716316
1
-21.1491 134.554 -0.947491
1 1 1
0.0518294 0.300442 0.610059 0.731352
1.125
-21.1229 134.747 -0.817251
1 1 1
0.0325605 0.305141 0.59377 0.743819
1.25
-20.7567 135.533 -0.180685
1 1 1
0.0167386 0.29099 0.584026 0.757601
1.375
-19.8273 136.531 2.19053
1 1 1
0.0161374 0.241888 0.581792 0.776368
1.5
-19.3687 137.023 5.78786
1 1 1
0.0246277 0.179559 0.582851 0.792109
1.625
-20.001 136.555 10.6068
1 1 1
0.0413529 0.110971 0.590259 0.79848
1.75
-21.6339 135.441 14.836
1 1 1
0.0824712 0.0423252 0.601662 0.793353
1.875
-23.1164 134.302 21.868
1 1 1
0.0988585 0.0107755 0.609846 0.786256
2
-24.4052 133.806 30.4116
1 1 1
0.0988842 0.00122439 0.616285 0.781289
2.125
-26.6649 133.096 39.0188
1 1 1
0.102004 0.0139353 0.622149 0.7761
2.25
-28.9823 132.081 48.3536
1 1 1
0.0919199 0.0850149 0.627838 0.768207
2.375
-29.9044 131.906 51.9095
1 1 1
0.0814591 0.122591 0.627333 0.764715
0
-23.163 106.505 2.25212
1 1 1
0.119216 0.268791 0.531264 0.794542
0.125
-22.9283 106.326 2.55306
1 1 1
0.119203 0.26623 0.529297 0.796716
0.25
-22.6641 106.172 2.92435
1 1 1
0.121094 0.26443 0.528409 0.79762
0.375
-22.3623 106.024 3.40778
1 1 1
0.120504 0.271586 0.531702 0.793103
0.5
-22.0974 105.84 4.05509
1 1 1
0.121635 0.284939 0.536195 0.785181
0.625
-21.9264 105.746 5.04942
1 1 1
0.122269 0.302981 0.541053 0.774929
0.75
-21.9722 105.931 6.52978
1 1 1
0.119263 0.32068 0.541911 0.767641
0.875
-22.444 106.413 8.34916
1 1 1
0.101667 0.342774 0.541431 0.760935
1
-23.3776 107.159 10.2131
1 1 1
0.062704 0.372014 0.537356 0.754269
1.125
-24.346 107.954 11.5018
1 1 1
0.00796729 0.410891 0.527325 0.743662
1.25
-25.1612 108.993 12.3189
1 1 1
-0.0458075 0.426247 0.520788 0.738238
1.375
-25.9387 109.501 12.7753
1 1 1
-0.0628499 0.412537 0.523395 0.742913
1.5
-26.9654 109.369 13.3748
1 1 1
-0.0381358 0.388345 0.541617 0.74457
1.625
-28.2644 108.32 14.4158
1 1 1
0.0180764 0.343368 0.572511 0.744314
1.75
-29.7153 106.914 13.8844
1 1 1
0.103017 0.242615 0.613333 0.744546
1.875
-30.7089 105.791 18.7938
1 1 1
0.181623 0.151184 0.620021 0.748151
2
-31.536 105.231 26.8528
1 1 1
0.238905 0.0889046 0.612999 0.747832
2.125
-33.3535 104.364 35.8953
1 1 1
0.237764 0.0655743 0.618671 0.745932
2.25
-34.8317 103.002 48.8045
1 1 1
0.199774 0.12778 0.61157 0.754815
2.375
-35.3285 102.852 54.4397
1 1 1
0.183541 0.167786 0.606683 0.755048
0
-25.1932 94.6252 8.44637
1 1 1
0.188821 0.177144 0.698864 0.66675
0.125
-25.0598 94.4512 8.72398
1 1 1
0.195377 0.169695 0.714637 0.649865
0.25
-24.8479 94.2804 9.04255
1 1 1
0.203056 0.163344 0.729544 0.632339
0.375
-24.3262 94.1416 9.61905
1 1 1
0.20951 0.168216 0.743928 0.611866
0.5
-23.6849 93.9763 10.4075
1 1 1
0.217363 0.181076 0.753861 0.593008
0.625
-23.0284 93.9363 11.6021
1 1 1
0.224179 0.200758 0.759348 0.576915
0.75
-22.7037 94.2507 13.3611
1 1 1
0.225427 0.222845 0.758895 0.56886
0.875
-22.7724 95.0747 15.7626
1 1 1
0.213956 0.253968 0.757454 0.562127
1
-23.2749 96.55 18.6426
1 1 1
0.174877 0.303825 0.738535 0.575912
1.125
-23.7416 98.5477 21.2371
1 1 1
0.119508 0.365922 0.710306 0.589308
1.25
-24.4968 100.648 22.9748
1 1 1
0.0550571 0.40158 0.683313 0.607277
1.375
-25.5984 101.252 23.5205
1 1 1
0.0167434 0.397036 0.661446 0.63606
1.5
-26.6514 100.317 23.4539
1 1 1
0.0058059 0.374388 0.630283 0.680105
1.625
-27.924 97.8096 22.9615
1 1 1
0.0277998 0.330126 0.604069 0.724807
1.75
-29.7754 94.4994 19.315
1 1 1
0.0995872 0.23221 0.616946 0.745344
1.875
-31.6046 92.4857 21.2021
1 1 1
0.177222 0.142762 0.621371 0.74974
2
-33.1297 91.7763 27.0757
1 1 1
0.23511 0.0792302 0.623312 0.741571
2.125
-34.9488 90.9095 35.6688
1 1 1
0.234707 0.0517287 0.645704 0.724778
2.25
-36.2167 89.6313 50.5164
1 1 1
0.202147 0.110066 0.660287 0.714873
2.375
-36.4526 89.6327 57.2001
1 1 1
0.190121 0.149145 0.662944 0.708601
0
-25.1062 92.4303 8.38547
1 1 1
0.261206 0.115776 0.879999 0.379431
0.125
-24.8862 92.2645 8.59498
1 1 1
0.266581 0.1001 0.898452 0.334213
0.25
-24.5889 92.1072 8.84542
1 1 1
0.272299 0.0854335 0.912726 0.292379
0.375
-23.967 91.9862 9.38638
1 1 1
0.2802 0.0829814 0.92133 0.256422
0.5
-23.2406 91.8386 10.1592
1 1 1
0.291636 0.0895155 0.922744 0.23554
0.625
-22.5145 91.8132 11.3629
1 1 1
0.303792 0.105151 0.918745 0.229262
0.75
-22.1517 92.1327 13.1664
1 1 1
0.310089 0.127899 0.910405 0.242176
0.875
-22.1648 92.9646 15.6778
1 1 1
0.30501 0.166457 0.899362 0.265347
1
-22.6695 94.4472 18.8439
1 1 1
0.270186 0.238882 0.869314 0.337976
1.125
-23.1332 96.5158 21.8117
1 1 1
0.215187 0.323524 0.826747 0.406838
1.25
-23.9334 98.7272 23.8812
1 1 1
0.142295 0.377859 0.787398 0.465811
1.375
-25.1802 99.3733 24.5817
1 1 1
0.0926115 0.382218 0.76061 0.516532
1.5
-26.4868 98.4238 24.5568
1 1 1
0.0750814 0.362088 0.735344 0.567913
1.625
-28.0387 95.845 23.9392
1 1 1
0.0930449 0.314533 0.724166 0.606626
1.75
-30.063 92.3768 19.8056
1 1 1
0.149972 0.204094 0.750982 0.60982
1.875
-32.0155 90.327 21.1885
1 1 1
0.210556 0.0984307 0.76819 0.596542
2
-33.592 89.663 26.6899
1 1 1
0.253743 0.019978 0.780797 0.570589
2.125
-35.3021 88.7994 35.1675
1 1 1
0.246687 -0.0103952 0.810367 0.531359
2.25
-36.4448 87.459 50.2756
1 1 1
0.231552 0.0508629 0.831924 0.501696
2.375
-36.6207 87.4435 57.1106
1 1 1
0.231498 0.0905854 0.835549 0.48996
0
-24.2373 91.3309 7.82419
1 1 1
0.250285 0.114419 0.894388 0.352614
0.125
-23.9284 91.2774 7.97294
1 1 1
0.25492 0.0978782 0.911644 0.30715
0.25
-23.5613 91.2312 8.17054
1 1 1
0.259995 0.0823911 0.924824 0.26517
0.375
-22.893 91.2027 8.67128
1 1 1
0.267685 0.079144 0.932538 0.229029
0.5
-22.1553 91.1036 9.41049
1 1 1
0.279277 0.0850195 0.933545 0.208014
0.625
-21.4423 91.0808 10.5931
1 1 1
0.291931 0.100204 0.929566 0.201602
0.75
-21.1096 91.3473 12.4076
1 1 1
0.298998 0.12297 0.921694 0.214381
0.875
-21.1488 92.0909 14.983
1 1 1
0.295182 0.16202 0.911228 0.237236
1
-21.7253 93.3653 18.3786
1 1 1
0.262895 0.236547 0.882684 0.309516
1.125
-22.2632 95.2902 21.6721
1 1 1
0.210987 0.323791 0.841199 0.37819
1.25
-23.1401 97.4576 24.0744
1 1 1
0.140291 0.381091 0.802368 0.437372
1.375
-24.5021 98.0804 24.9651
1 1 1
0.0911836 0.387656 0.776229 0.488751
1.5
-25.9681 97.0809 25.011
1 1 1
0.0734993 0.36885 0.752142 0.541138
1.625
-27.6663 94.4304 24.3119
1 1 1
0.0902932 0.321432 0.742347 0.580904
1.75
-29.7441 90.9018 19.8414
1 1 1
0.143653 0.209499 0.770147 0.585105
1.875
-31.7143 88.881 20.8775
1 1 1
0.200957 0.101974 0.787939 0.573035
2
-33.2598 88.3027 26.1262
1 1 1
0.241712 0.0219321 0.800499 0.547993
2.125
-34.8287 87.5071 34.5473
1 1 1
0.233332 -0.00885261 0.828837 0.508436
2.25
-35.8571 86.1634 49.7711
1 1 1
0.219586 0.0523261 0.849306 0.477204
2.375
-35.9978 86.1442 56.6607
1 1 1
0.220592 0.091842 0.852598 0.464738
0
-23.2974 90.1415 7.21695
1 1 1
0.250285 0.114419 0.894388 0.352614
0.125
-22.8924 90.2093 7.29998
1 1 1
0.25492 0.0978782 0.911644 0.30715
0.25
-22.4497 90.2835 7.44041
1 1 1
0.259995 0.0823911 0.924824 0.26517
0.375
-21.7312 90.355 7.89763
1 1 1
0.267685 0.079144 0.932538 0.229029
0.5
-20.9813 90.3083 8.60045
1 1 1
0.279277 0.0850195 0.933545 0.208014
0.625
-20.2824 90.2884 9.7603
1 1 1
0.291931 0.100204 0.929566 0.201602
0.75
-19.9822 90.4975 11.5868
1 1 1
0.298998 0.12297 0.921694 0.214381
0.875
-20.0496 91.1455 14.2314
1 1 1
0.295182 0.16202 0.911228 0.237236
1
-20.7038 92.1948 17.8753
1 1 1
0.262895 0.236547 0.882684 0.309516
1.125
-21.322 93.9641 21.521
1 1 1
0.210987 0.323791 0.841199 0.37819
1.25
-22.2819 96.0839 24.2834
1 1 1
0.140291 0.381091 0.802368 0.437372
1.375
-23.7686 96.6815 25.38
1 1 1
0.0911836 0.387656 0.776229 0.488751
1.5
-25.407 95.6281 25.5024
1 1 1
0.0734993 0.36885 0.752142 0.541138
1.625
-27.2636 92.9 24.7151
1 1 1
0.0902932 0.321432 0.742347 0.580904
1.75
-29.3993 89.306 19.8801
1 1 1
0.143653 0.209499 0.770147 0.585105
1.875
-31.3884 87.3165 20.5411
1 1 1
0.200957 0.101974 0.787939 0.573035
2
-32.9005 86.8309 25.5164
1 1 1
0.241712 0.0219321 0.800499 0.547993
2.125
-34.3167 86.109 33.8764
1 1 1
0.233332 -0.00885261 0.828837 0.508436
2.25
-35.2213 84.7616 49.2253
1 1 1
0.219586 0.0523261 0.849306 0.477204
2.375
-35.3239 84.7385 56.1739
1 1 1
0.220592 0.091842 0.852598 0.464738
0
-20.1741 99.5706 4.59261
1 1 1
0.155205 0.27787 0.513808 0.796681
0.125
-19.9926 99.3705 4.8999
1 1 1
0.163113 0.270429 0.510769 0.799611
0.25
-19.7576 99.1964 5.24504
1 1 1
0.170836 0.263318 0.508806 0.80162
0.375
-19.3431 99.0966 5.73118
1 1 1
0.172679 0.264845 0.510856 0.799416
0.5
-18.8939 98.9881 6.35434
1 1 1
0.172068 0.272014 0.5141 0.795049
0.625
-18.4918 98.9992 7.3259
1 1 1
0.167874 0.283463 0.518047 0.789363
0.75
-18.3694 99.2873 8.8504
1 1 1
0.157909 0.293967 0.518765 0.787103
0.875
-18.643 99.9767 10.9234
1 1 1
0.132296 0.30838 0.519447 0.785859
1
-19.3443 101.118 13.3342
1 1 1
0.077142 0.333239 0.519907 0.78275
1.125
-20.0412 102.543 15.3344
1 1 1
0.00642762 0.367747 0.51591 0.773665
1.25
-20.7714 104.18 16.7985
1 1 1
-0.0604337 0.378732 0.514711 0.7668
1.375
-21.6701 104.79 17.475
1 1 1
-0.0865441 0.361693 0.519173 0.769511
1.5
-22.6994 104.342 17.7369
1 1 1
-0.0657881 0.335978 0.536331 0.771454
1.625
-23.9801 102.699 17.9577
1 1 1
-0.00792278 0.291229 0.563281 0.773199
1.75
-25.5957 100.513 16.0194
1 1 1
0.0813747 0.191452 0.596429 0.77524
1.875
-26.9972 98.8505 19.5409
1 1 1
0.162741 0.102251 0.59606 0.779598
2
-28.1824 98.0794 26.5311
1 1 1
0.221631 0.0422424 0.584215 0.779607
2.125
-29.9869 97.2222 35.4975
1 1 1
0.221506 0.0187271 0.588888 0.777043
2.25
-31.3717 95.9066 49.2331
1 1 1
0.18099 0.0796347 0.585711 0.786031
2.375
-31.7543 95.8464 55.2467
1 1 1
0.163359 0.119264 0.583242 0.786714
0
-19.3532 97.5273 5.38274
1 1 1
0.168609 0.22652 0.504323 0.816038
0.125
-19.205 97.3019 5.65729
1 1 1
0.176524 0.219109 0.500582 0.818687
0.25
-18.9972 97.1055 5.96824
1 1 1
0.184928 0.212322 0.497508 0.820492
0.375
-18.5687 97.0073 6.44396
1 1 1
0.188624 0.214708 0.498248 0.818578
0.5
-18.085 96.9122 7.06816
1 1 1
0.191045 0.22334 0.499552 0.814904
0.625
-17.6338 96.949 8.05627
1 1 1
0.190662 0.236678 0.501149 0.810236
0.75
-17.4801 97.2673 9.62619
1 1 1
0.184765 0.249067 0.499343 0.809002
0.875
-17.7129 98.022 11.8106
1 1 1
0.163369 0.265158 0.498132 0.809238
1
-18.3469 99.3184 14.4468
1 1 1
0.112187 0.291205 0.498365 0.808855
1.125
-18.966 100.985 16.7093
1 1 1
0.0445184 0.326575 0.495209 0.803825
1.25
-19.6872 102.853 18.3914
1 1 1
-0.0193897 0.337968 0.49537 0.800006
1.375
-20.6414 103.521 19.1498
1 1 1
-0.0423775 0.321248 0.499755 0.803274
1.5
-21.6794 102.97 19.3343
1 1 1
-0.0186589 0.296794 0.514992 0.803958
1.625
-22.9569 101.103 19.3282
1 1 1
0.0419586 0.253988 0.539037 0.801978
1.75
-24.6387 98.6001 16.9662
1 1 1
0.135296 0.157017 0.568725 0.795985
1.875
-26.1765 96.7208 20.0542
1 1 1
0.218379 0.0694461 0.565191 0.792494
2
-27.4778 95.8555 26.7077
1 1 1
0.277587 0.0105214 0.551038 0.786888
2.125
-29.2887 94.9937 35.6372
1 1 1
0.27819 -0.0126511 0.556344 0.7829
2.25
-30.6316 93.7258 49.645
1 1 1
0.236535 0.0465917 0.554111 0.796769
2.375
-30.967 93.7108 55.7877
1 1 1
0.217987 0.0856453 0.551795 0.800418
0
-18.916 96.0734 5.86952
1 1 1
0.168622 0.226516 0.504324 0.816035
0.125
-18.7915 95.8332 6.11978
1 1 1
0.176537 0.219105 0.500583 0.818684
0.25
-18.6038 95.6232 6.4043
1 1 1
0.184941 0.212317 0.49751 0.820489
0.375
-18.1682 95.5239 6.8698
1 1 1
0.188637 0.214704 0.498249 0.818576
0.5
-17.6652 95.4333 7.49075
1 1 1
0.191058 0.223336 0.499553 0.814901
0.625
-17.1857 95.4804 8.48584
1 1 1
0.190675 0.236674 0.50115 0.810233
0.75
-17.0167 95.8113 10.0814
1 1 1
0.184778 0.249063 0.499344 0.809
0.875
-17.2262 96.5981 12.3374
1 1 1
0.163382 0.265154 0.498133 0.809236
1
-17.8151 97.9787 15.1283
1 1 1
0.1122 0.291202 0.498366 0.808853
1.125
-18.3792 99.7854 17.5798
1 1 1
0.0445319 0.326572 0.49521 0.803825
1.25
-19.0876 101.789 19.4159
1 1 1
-0.0193762 0.337965 0.495372 0.800006
1.375
-20.075 102.486 20.2224
1 1 1
-0.042364 0.321245 0.499758 0.803274
1.5
-21.1169 101.867 20.3378
1 1 1
-0.0186454 0.296791 0.514994 0.803958
1.625
-22.391 99.86 20.1508
1 1 1
0.041972 0.253986 0.539039 0.801977
1.75
-24.1107 97.1776 17.4557
1 1 1
0.135309 0.157014 0.568727 0.795982
1.875
-25.739 95.1966 20.2207
1 1 1
0.218392 0.0694426 0.565193 0.792489
2
-27.1185 94.3039 26.6336
1 1 1
0.277599 0.0105175 0.55104 0.786882
2.125
-28.9262 93.4447 35.5323
1 1 1
0.278201 -0.0126549 0.556347 0.782894
2.25
-30.2492 92.1808 49.7375
1 1 1
0.236548 0.046588 0.554113 0.796764
2.375
-30.5594 92.1813 55.9785
1 1 1
0.217999 0.0856416 0.551797 0.800413
0
-18.2174 93.7502 6.64719
1 1 1
0.168622 0.226516 0.504324 0.816035
0.125
-18.1306 93.4864 6.85862
1 1 1
0.176537 0.219105 0.500583 0.818684
0.25
-17.9752 93.2548 7.10091
1 1 1
0.184941 0.212317 0.49751 0.820489
0.375
-17.5282 93.1538 7.55008
1 1 1
0.188637 0.214704 0.498249 0.818576
0.5
-16.9942 93.0703 8.16585
1 1 1
0.191058 0.223336 0.499553 0.814901
0.625
-16.4697 93.1338 9.17208
1 1 1
0.190675 0.236674 0.50115 0.810233
0.75
-16.2762 93.4848 10.8087
1 1 1
0.184778 0.249063 0.499344 0.809
0.875
-16.4486 94.3229 13.1791
1 1 1
0.163382 0.265154 0.498133 0.809236
1
-16.9654 95.8381 16.2172
1 1 1
0.1122 0.291202 0.498366 0.808853
1.125
-17.4415 97.8679 18.9705
1 1 1
0.0445319 0.326572 0.49521 0.803825
1.25
-18.1296 100.088 21.0529
1 1 1
-0.0193762 0.337965 0.495372 0.800006
1.375
-19.1699 100.833 21.9362
1 1 1
-0.042364 0.321245 0.499758 0.803274
1.5
-20.2181 100.103 21.941
1 1 1
-0.0186454 0.296791 0.514994 0.803958
1.625
-21.4866 97.8739 21.4651
1 1 1
0.041972 0.253986 0.539039 0.801977
1.75
-23.267 94.9046 18.2378
1 1 1
0.135309 0.157014 0.568727 0.795982
1.875
-25.0399 92.7614 20.4866
1 1 1
0.218392 0.0694426 0.565193 0.792489
2
-26.5443 91.8248 26.5151
1 1 1
0.277599 0.0105175 0.55104 0.786882
2.125
-28.3467 90.9696 35.3648
1 1 1
0.278201 -0.0126549 0.556347 0.782894
2.25
-29.638 89.7121 49.8853
1 1 1
0.236548 0.046588 0.554113 0.796764
2.375
-29.908 89.7374 56.2833
1 1 1
0.217999 0.0856416 0.551797 0.800413
0
-26.9748 94.6082 6.18759
1 1 1
0.194158 0.17415 0.774047 0.57691
0.125
-26.8306 94.4475 6.45669
1 1 1
0.197931 0.167717 0.788331 0.557879
0.25
-26.6161 94.293 6.77327
1 1 1
0.203186 0.161933 0.801635 0.5384
0.375
-26.1223 94.1199 7.37187
1 1 1
0.208938 0.166712 0.813843 0.515957
0.5
-25.5371 93.9036 8.2074
1 1 1
0.217721 0.178398 0.821627 0.495683
0.625
-24.9511 93.7924 9.46699
1 1 1
0.226916 0.196273 0.825092 0.478758
0.75
-24.6834 94.0316 11.2853
1 1 1
0.23147 0.216819 0.823288 0.470753
0.875
-24.7849 94.7076 13.7398
1 1 1
0.224528 0.247783 0.820181 0.464213
1
-25.2861 95.9308 16.681
1 1 1
0.194049 0.298775 0.801211 0.480769
1.125
-25.737 97.5957 19.3963
1 1 1
0.14898 0.363461 0.773048 0.498095
1.25
-26.395 99.4329 21.1869
1 1 1
0.0918695 0.402834 0.747269 0.520455
1.375
-27.4023 99.9941 21.6655
1 1 1
0.0564577 0.399149 0.729143 0.55303
1.5
-28.4282 99.1931 21.4904
1 1 1
0.050686 0.371978 0.708946 0.597042
1.625
-29.6877 96.9952 20.8396
1 1 1
0.0736762 0.319291 0.692161 0.643069
1.75
-31.417 94.2971 16.9612
1 1 1
0.132033 0.211728 0.696819 0.672445
1.875
-33.1378 92.9199 18.8069
1 1 1
0.197986 0.115228 0.69445 0.682103
2
-34.5834 92.6662 24.7582
1 1 1
0.247356 0.0478483 0.692258 0.676243
2.125
-36.3123 91.8668 33.3234
1 1 1
0.242144 0.0225953 0.712228 0.658473
2.25
-37.7043 90.2407 48.1306
1 1 1
0.213027 0.0859188 0.726253 0.647916
2.375
-38.0473 90.0453 54.8415
1 1 1
0.204082 0.126689 0.728465 0.641591
0
-26.3833 92.4135 5.96002
1 1 1
0.206831 -0.0989696 0.947845 0.221394
0.125
-26.1472 92.2866 6.17133
1 1 1
0.200376 -0.0939806 0.955454 0.195254
0.25
-25.8447 92.1708 6.42748
1 1 1
0.195551 -0.0882956 0.961009 0.174431
0.375
-25.2537 92.0423 6.98802
1 1 1
0.196465 -0.072024 0.964462 0.161329
0.5
-24.5919 91.8654 7.79418
1 1 1
0.202763 -0.0484293 0.963996 0.165087
0.625
-23.9492 91.7841 9.04096
1 1 1
0.210485 -0.0170859 0.959996 0.183882
0.75
-23.6563 92.0316 10.8811
1 1 1
0.211712 0.0206277 0.951886 0.220603
0.875
-23.7154 92.7139 13.4241
1 1 1
0.201352 0.0727196 0.940487 0.26392
1
-24.2298 93.906 16.6269
1 1 1
0.17748 0.142238 0.91413 0.335613
1.125
-24.6875 95.5891 19.6973
1 1 1
0.134591 0.22428 0.87716 0.402709
1.25
-25.3867 97.4869 21.8312
1 1 1
0.0702732 0.276636 0.839962 0.461518
1.375
-26.5298 98.0488 22.486
1 1 1
0.0230435 0.278618 0.809388 0.51646
1.5
-27.7842 97.1731 22.3409
1 1 1
0.00761441 0.254993 0.784056 0.565842
1.625
-29.3175 94.8541 21.5448
1 1 1
0.0230787 0.204945 0.770697 0.602902
1.75
-31.2783 92.0286 17.1914
1 1 1
0.07021 0.0948425 0.773876 0.622248
1.875
-33.1582 90.6515 18.5379
1 1 1
0.124205 -0.00600654 0.771489 0.623973
2
-34.6679 90.4733 24.1237
1 1 1
0.163117 -0.0787948 0.773907 0.606838
2.125
-36.2768 89.6991 32.6035
1 1 1
0.152714 -0.106744 0.801985 0.567542
2.25
-37.5452 88.0073 47.6782
1 1 1
0.131861 -0.042264 0.834485 0.533349
2.375
-37.8339 87.7918 54.5337
1 1 1
0.130066 -0.00103006 0.844261 0.51991
0
-24.4335 91.509 4.919
1 1 1
0.206851 -0.0989743 0.947841 0.221392
0.125
-24.1329 91.4854 5.16926
1 1 1
0.200396 -0.0939847 0.95545 0.195252
0.25
-23.7845 91.4526 5.45633
1 1 1
0.195571 -0.0882993 0.961004 0.174429
0.375
-23.1742 91.3667 6.02749
1 1 1
0.196485 -0.0720274 0.964458 0.161327
0.5
-22.5302 91.1522 6.8224
1 1 1
0.202784 -0.0484328 0.963992 0.165086
0.625
-21.9341 90.9582 8.06083
1 1 1
0.210505 -0.0170898 0.959991 0.183881
0.75
-21.7146 91.0077 9.94024
1 1 1
0.211733 0.020623 0.951881 0.220603
0.875
-21.8535 91.4585 12.6112
1 1 1
0.201372 0.072714 0.940483 0.263921
1
-22.5301 92.3201 16.08
1 1 1
0.177499 0.142231 0.914126 0.335616
1.125
-23.1604 93.7577 19.5648
1 1 1
0.13461 0.224271 0.877157 0.402714
1.25
-24.0395 95.5425 22.1591
1 1 1
0.0702909 0.276626 0.83996 0.461523
1.375
-25.4182 96.0215 23.0842
1 1 1
0.0230606 0.278607 0.809388 0.516466
1.5
-26.9256 95.0448 23.0016
1 1 1
0.00763099 0.254981 0.784056 0.565847
1.625
-28.668 92.6122 22.05
1 1 1
0.023095 0.204932 0.770697 0.602906
1.75
-30.763 89.6968 17.2138
1 1 1
0.0702263 0.0948293 0.773874 0.62225
1.875
-32.7033 88.3558 18.0623
1 1 1
0.124221 -0.00601976 0.771486 0.623973
2
-34.1657 88.2915 23.2924
1 1 1
0.163133 -0.0788076 0.773903 0.606837
2.125
-35.5385 87.6029 31.7291
1 1 1
0.152731 -0.106756 0.801982 0.56754
2.25
-36.5987 85.9081 47.0449
1 1 1
0.131878 -0.0422753 0.834483 0.533348
2.375
-36.8176 85.6959 54.0066
1 1 1
0.130084 -0.00104108 0.844258 0.519909
0
-22.5038 90.6138 3.88863
1 1 1
0.206851 -0.0989743 0.947841 0.221392
0.125
-22.1392 90.6926 4.17744
1 1 1
0.200396 -0.0939847 0.95545 0.195252
0.25
-21.7455 90.7418 4.4951
1 1 1
0.195571 -0.0882993 0.961004 0.174429
0.375
-21.116 90.6981 5.07678
1 1 1
0.196485 -0.0720274 0.964458 0.161327
0.5
-20.4898 90.4463 5.86055
1 1 1
0.202784 -0.0484328 0.963992 0.165086
0.625
-19.9398 90.1407 7.09072
1 1 1
0.210505 -0.0170898 0.959991 0.183881
0.75
-19.7929 89.9944 9.00903
1 1 1
0.211733 0.020623 0.951881 0.220603
0.875
-20.0108 90.2159 11.8067
1 1 1
0.201372 0.072714 0.940483 0.263921
1
-20.8478 90.7505 15.5387
1 1 1
0.177499 0.142231 0.914126 0.335616
1.125
-21.6491 91.9452 19.4336
1 1 1
0.13461 0.224271 0.877157 0.402714
1.25
-22.7061 93.618 22.4835
1 1 1
0.0702909 0.276626 0.83996 0.461523
1.375
-24.3179 94.0151 23.6762
1 1 1
0.0230606 0.278607 0.809388 0.516466
1.5
-26.0757 92.9384 23.6554
1 1 1
0.00763099 0.254981 0.784056 0.565847
1.625
-28.0252 90.3932 22.55
1 1 1
0.023095 0.204932 0.770697 0.602906
1.75
-30.253 87.3889 17.2359
1 1 1
0.0702263 0.0948293 0.773874 0.62225
1.875
-32.2531 86.0837 17.5915
1 1 1
0.124221 -0.00601976 0.771486 0.623973
2
-33.6687 86.1322 22.4696
1 1 1
0.163133 -0.0788076 0.773903 0.606837
2.125
-34.8077 85.5283 30.8637
1 1 1
0.152731 -0.106756 0.801982 0.56754
2.25
-35.662 83.8304 46.4182
1 1 1
0.131878 -0.0422753 0.834483 0.533348
2.375
-35.8117 83.6216 53.4849
1 1 1
0.130084 -0.00104108 0.844258 0.519909
0
-28.1991 95.1215 3.61975
1 1 1
0.192235 0.210064 0.790961 0.541572
0.125
-28.0395 94.971 3.88362
1 1 1
0.193648 0.203379 0.805231 0.522246
0.25
-27.82 94.832 4.20108
1 1 1
0.196827 0.196508 0.818561 0.502595
0.375
-27.3643 94.6295 4.81185
1 1 1
0.201322 0.198804 0.830434 0.479923
0.5
-26.8531 94.3695 5.6762
1 1 1
0.210078 0.2063 0.83788 0.459636
0.625
-26.3616 94.1946 6.97603
1 1 1
0.220385 0.218858 0.840992 0.443018
0.75
-26.1697 94.3583 8.82765
1 1 1
0.226965 0.233711 0.838926 0.435969
0.875
-26.3241 94.8777 11.299
1 1 1
0.222427 0.259308 0.835152 0.431053
1
-26.8452 95.8232 14.2491
1 1 1
0.196822 0.305072 0.815739 0.450291
1.125
-27.3052 97.1079 17.0175
1 1 1
0.157009 0.36518 0.787805 0.470483
1.25
-27.8678 98.6428 18.8284
1 1 1
0.104332 0.401052 0.763574 0.495203
1.375
-28.7636 99.1634 19.2545
1 1 1
0.0723808 0.394122 0.748601 0.528228
1.5
-29.7612 98.5408 19.0097
1 1 1
0.0735612 0.363244 0.738117 0.56376
1.625
-31.009 96.73 18.2823
1 1 1
0.101576 0.30665 0.732609 0.59911
1.75
-32.5966 94.7367 14.359
1 1 1
0.154941 0.194544 0.736517 0.629038
1.875
-34.1682 94.0088 16.3354
1 1 1
0.214423 0.0967785 0.719376 0.653571
2
-35.5018 94.1878 22.4784
1 1 1
0.260371 0.0296441 0.709478 0.654193
2.125
-37.1425 93.454 31.0546
1 1 1
0.25277 0.00576813 0.729067 0.63603
2.25
-38.6658 91.4898 45.7076
1 1 1
0.224086 0.0704163 0.745444 0.623812
2.375
-39.127 91.0987 52.3756
1 1 1
0.216282 0.111587 0.748096 0.617352
0
-27.4636 93.0905 3.45389
1 1 1
0.204582 0.122174 0.962041 0.133032
0.125
-27.2173 92.9784 3.66823
1 1 1
0.202511 0.114537 0.966145 0.111513
0.25
-26.9159 92.8819 3.93095
1 1 1
0.202255 0.107296 0.968817 0.0947301
0.375
-26.3715 92.7294 4.50089
1 1 1
0.207575 0.110161 0.968354 0.0840666
0.5
-25.7934 92.5131 5.32442
1 1 1
0.219252 0.119908 0.964183 0.0888927
0.625
-25.256 92.3713 6.59311
1 1 1
0.234005 0.13754 0.956351 0.108246
0.75
-25.0501 92.5438 8.44415
1 1 1
0.24483 0.162384 0.944565 0.14658
0.875
-25.1772 93.068 10.9784
1 1 1
0.245476 0.203054 0.927828 0.194026
1
-25.7252 93.9715 14.1487
1 1 1
0.226074 0.26829 0.897122 0.268483
1.125
-26.2047 95.2536 17.226
1 1 1
0.1891 0.345897 0.853873 0.339849
1.25
-26.8111 96.8232 19.3437
1 1 1
0.131721 0.39499 0.814012 0.40499
1.375
-27.8289 97.3265 19.9218
1 1 1
0.0924336 0.394135 0.788335 0.463294
1.5
-28.9953 96.6221 19.6617
1 1 1
0.0899264 0.364845 0.775896 0.506741
1.625
-30.4424 94.6934 18.7559
1 1 1
0.11646 0.307315 0.778827 0.53425
1.75
-32.2486 92.5987 14.3948
1 1 1
0.162419 0.191332 0.796048 0.550745
1.875
-34.0518 91.8819 15.9411
1 1 1
0.212305 0.0871697 0.794956 0.561581
2
-35.4834 92.1434 21.7621
1 1 1
0.247506 0.0119877 0.803921 0.540655
2.125
-37.0057 91.4386 30.272
1 1 1
0.230935 -0.0144869 0.840762 0.489467
2.25
-38.403 89.4067 45.1742
1 1 1
0.211598 0.0510886 0.868589 0.445162
2.375
-38.8147 88.9931 51.9731
1 1 1
0.212426 0.091921 0.872388 0.430541
0
-25.8109 92.5165 2.77633
1 1 1
0.204579 0.122179 0.962038 0.133055
0.125
-25.5417 92.4871 2.98196
1 1 1
0.202508 0.114542 0.966142 0.111536
0.25
-25.227 92.4561 3.2338
1 1 1
0.202253 0.107301 0.968815 0.0947533
0.375
-24.6836 92.3381 3.78137
1 1 1
0.207572 0.110166 0.968352 0.0840898
0.5
-24.1272 92.0929 4.57115
1 1 1
0.219249 0.119913 0.964181 0.0889158
0.625
-23.6293 91.8621 5.80921
1 1 1
0.234001 0.137546 0.956348 0.108269
0.75
-23.4795 91.8751 7.66568
1 1 1
0.244827 0.16239 0.944562 0.146603
0.875
-23.6684 92.2055 10.2716
1 1 1
0.245472 0.20306 0.927823 0.194048
1
-24.3113 92.8402 13.6579
1 1 1
0.226068 0.268295 0.897115 0.268505
1.125
-24.8961 93.9193 17.0612
1 1 1
0.189092 0.345902 0.853865 0.339869
1.25
-25.6155 95.391 19.5416
1 1 1
0.131711 0.394993 0.814002 0.40501
1.375
-26.7902 95.8193 20.3335
1 1 1
0.0924242 0.394137 0.788324 0.463313
1.5
-28.113 95.0237 20.0936
1 1 1
0.0899177 0.364847 0.775884 0.50676
1.625
-29.6882 92.9978 19.0316
1 1 1
0.116453 0.307318 0.778814 0.534269
1.75
-31.6096 90.8371 14.305
1 1 1
0.162414 0.191336 0.796035 0.550764
1.875
-33.5281 90.1373 15.4915
1 1 1
0.212303 0.0871748 0.794943 0.5616
2
-34.9339 90.5013 21.0397
1 1 1
0.247506 0.0119937 0.803908 0.540674
2.125
-36.2286 89.907 29.5168
1 1 1
0.230936 -0.0144813 0.840751 0.489487
2.25
-37.4385 87.9153 44.5698
1 1 1
0.211596 0.0510936 0.868579 0.445182
2.375
-37.8034 87.5105 51.4262
1 1 1
0.212424 0.0919261 0.872377 0.430561
0
-23.9689 91.8767 2.02123
1 1 1
0.204579 0.122179 0.962038 0.133055
0.125
-23.6741 91.9395 2.21716
1 1 1
0.202508 0.114542 0.966142 0.111536
0.25
-23.3445 91.9815 2.45686
1 1 1
0.202253 0.107301 0.968815 0.0947533
0.375
-22.8022 91.902 2.97951
1 1 1
0.207572 0.110166 0.968352 0.0840898
0.5
-22.2702 91.6245 3.73166
1 1 1
0.219249 0.119913 0.964181 0.0889158
0.625
-21.8162 91.2945 4.93559
1 1 1
0.234001 0.137546 0.956348 0.108269
0.75
-21.7289 91.1297 6.79811
1 1 1
0.244827 0.16239 0.944562 0.146603
0.875
-21.9867 91.2441 9.4839
1 1 1
0.245472 0.20306 0.927823 0.194048
1
-22.7355 91.5792 13.111
1 1 1
0.226068 0.268295 0.897115 0.268505
1.125
-23.4376 92.4321 16.8776
1 1 1
0.189092 0.345902 0.853865 0.339869
1.25
-24.2829 93.7946 19.7622
1 1 1
0.131711 0.394993 0.814002 0.40501
1.375
-25.6325 94.1395 20.7925
1 1 1
0.0924242 0.394137 0.788324 0.463313
1.5
-27.1297 93.2421 20.575
1 1 1
0.0899177 0.364847 0.775884 0.50676
1.625
-28.8475 91.108 19.3389
1 1 1
0.116453 0.307318 0.778814 0.534269
1.75
-30.8974 88.8735 14.2051
1 1 1
0.162414 0.191336 0.796035 0.550764
1.875
-32.9445 88.1928 14.9904
1 1 1
0.212303 0.0871748 0.794943 0.5616
2
-34.3215 88.6711 20.2347
1 1 1
0.247506 0.0119937 0.803908 0.540674
2.125
-35.3625 88.1999 28.6752
1 1 1
0.230936 -0.0144813 0.840751 0.489487
2.25
-36.3634 86.2529 43.8963
1 1 1
0.211596 0.0510936 0.868579 0.445182
2.375
-36.6762 85.858 50.8167
1 1 1
0.212424 0.0919261 0.872377 0.430561
0
-28.9199 96.001 1.23974
1 1 1
0.176321 0.188989 0.82346 0.505081
0.125
-28.7436 95.8576 1.5012
1 1 1
0.175372 0.182164 0.837027 0.485229
0.25
-28.518 95.7312 1.82164
1 1 1
0.176804 0.174961 0.84959 0.465109
0.375
-28.1025 95.5067 2.43626
1 1 1
0.181206 0.176571 0.860685 0.441823
0.5
-27.6676 95.2135 3.31356
1 1 1
0.191628 0.183009 0.867473 0.421042
0.625
-27.2739 94.9881 4.63175
1 1 1
0.20507 0.194389 0.870008 0.404036
0.75
-27.1601 95.0869 6.494
1 1 1
0.215683 0.208399 0.867584 0.396671
0.875
-27.3748 95.4665 8.95226
1 1 1
0.216051 0.233782 0.863604 0.390969
1
-27.9297 96.1573 11.868
1 1 1
0.198458 0.280188 0.844964 0.410055
1.125
-28.4176 97.0838 14.6259
1 1 1
0.16753 0.341795 0.818069 0.431129
1.25
-28.903 98.3314 16.4223
1 1 1
0.122056 0.3798 0.79473 0.457448
1.375
-29.6927 98.8175 16.8102
1 1 1
0.094299 0.373648 0.780203 0.492725
1.5
-30.6657 98.3778 16.5373
1 1 1
0.0976339 0.341516 0.766938 0.534454
1.625
-31.9049 96.9493 15.8111
1 1 1
0.126447 0.282842 0.756506 0.575943
1.75
-33.359 95.6162 11.992
1 1 1
0.179546 0.168249 0.75776 0.604364
1.875
-34.7735 95.4482 14.2094
1 1 1
0.236593 0.0665485 0.746013 0.618919
2
-35.9868 95.9777 20.6026
1 1 1
0.277687 -0.00408364 0.739398 0.613323
2.125
-37.5554 95.2975 29.2138
1 1 1
0.26722 -0.0278266 0.758677 0.593488
2.25
-39.1947 93.0561 43.6521
1 1 1
0.240277 0.0384056 0.774276 0.584199
2.375
-39.7636 92.5006 50.2338
1 1 1
0.233979 0.0801506 0.776631 0.579374
0
-28.2513 94.5963 1.08418
1 1 1
0.1494 0.100024 0.983268 -0.0292969
0.125
-28.0125 94.4877 1.31855
1 1 1
0.144029 0.0927556 0.983893 -0.051055
0.25
-27.7287 94.3989 1.60636
1 1 1
0.140745 0.0850216 0.98401 -0.0684534
0.375
-27.2521 94.2175 2.19249
1 1 1
0.145163 0.0849509 0.982434 -0.0808375
0.5
-26.7733 93.9617 3.03467
1 1 1
0.157985 0.0893527 0.980234 -0.0787265
0.625
-26.3524 93.7643 4.31941
1 1 1
0.176396 0.100212 0.97719 -0.0627865
0.75
-26.2341 93.8702 6.16733
1 1 1
0.193597 0.118894 0.973436 -0.0283973
0.875
-26.4353 94.2527 8.6546
1 1 1
0.205118 0.154829 0.966313 0.0139438
1
-27.0152 94.9 11.7029
1 1 1
0.204969 0.219645 0.950108 0.0838984
1.125
-27.5232 95.8019 14.6581
1 1 1
0.19173 0.301364 0.921352 0.153396
1.25
-28.0405 97.0496 16.6623
1 1 1
0.152758 0.360686 0.893526 0.219503
1.375
-28.9162 97.5053 17.1558
1 1 1
0.119432 0.368826 0.87764 0.281872
1.5
-30.0253 96.9918 16.8738
1 1 1
0.113039 0.342643 0.868572 0.339707
1.625
-31.4287 95.4751 16.0213
1 1 1
0.128002 0.283922 0.8674 0.388099
1.75
-33.0384 94.0897 11.8845
1 1 1
0.154795 0.164689 0.877714 0.422533
1.875
-34.5829 93.9552 13.7863
1 1 1
0.18877 0.0562709 0.874204 0.44381
2
-35.8407 94.5632 19.9527
1 1 1
0.212602 -0.0204959 0.872106 0.440241
2.125
-37.3166 93.9128 28.5282
1 1 1
0.193389 -0.0423635 0.889843 0.411077
2.25
-38.879 91.6128 43.1405
1 1 1
0.178505 0.0271236 0.906202 0.382359
2.375
-39.421 91.0349 49.8108
1 1 1
0.181395 0.0683964 0.908896 0.369224
0
-27.0322 94.6318 0.701038
1 1 1
0.149373 0.100022 0.983272 -0.0293103
0.125
-26.7938 94.582 0.944067
1 1 1
0.144002 0.0927526 0.983896 -0.0510681
0.25
-26.5129 94.5406 1.23733
1 1 1
0.140718 0.0850181 0.984014 -0.0684663
0.375
-26.0443 94.3891 1.81025
1 1 1
0.145136 0.084947 0.982437 -0.0808504
0.5
-25.5745 94.123 2.62068
1 1 1
0.157958 0.0893488 0.980238 -0.0787396
0.625
-25.1636 93.876 3.86255
1 1 1
0.17637 0.100209 0.977194 -0.0627998
0.75
-25.0536 93.8821 5.67681
1 1 1
0.193571 0.118892 0.973441 -0.028411
0.875
-25.2649 94.1371 8.15328
1 1 1
0.205092 0.154827 0.966319 0.0139291
1
-25.8622 94.5811 11.252
1 1 1
0.204944 0.219645 0.950114 0.083882
1.125
-26.3989 95.2928 14.3246
1 1 1
0.191707 0.301366 0.921359 0.153378
1.25
-26.9449 96.4073 16.5156
1 1 1
0.152737 0.36069 0.893533 0.219483
1.375
-27.8774 96.7601 17.1535
1 1 1
0.119411 0.368833 0.877646 0.281852
1.5
-29.0746 96.1383 16.9203
1 1 1
0.113018 0.342651 0.868579 0.339688
1.625
-30.5773 94.5214 16.0191
1 1 1
0.12798 0.283931 0.867408 0.388081
1.75
-32.2777 93.0763 11.715
1 1 1
0.154772 0.1647 0.877723 0.422519
1.875
-33.8991 92.936 13.4282
1 1 1
0.188746 0.0562815 0.874214 0.443799
2
-35.1733 93.5927 19.4555
1 1 1
0.212577 -0.0204857 0.872116 0.440232
2.125
-36.5658 92.9985 28.0436
1 1 1
0.193364 -0.0423539 0.889853 0.411069
2.25
-38.0558 90.7145 42.7534
1 1 1
0.17848 0.0271326 0.906211 0.382349
2.375
-38.5752 90.1452 49.4538
1 1 1
0.18137 0.0684049 0.908905 0.369212
0
-25.3542 94.6807 0.173804
1 1 1
0.149373 0.100022 0.983272 -0.0293103
0.125
-25.1165 94.7119 0.42875
1 1 1
0.144002 0.0927526 0.983896 -0.0510681
0.25
-24.8396 94.7356 0.72951
1 1 1
0.140718 0.0850181 0.984014 -0.0684663
0.375
-24.3819 94.6253 1.28426
1 1 1
0.145136 0.084947 0.982437 -0.0808504
0.5
-23.9247 94.345 2.05099
1 1 1
0.157958 0.0893488 0.980238 -0.0787396
0.625
-23.5275 94.0298 3.23386
1 1 1
0.17637 0.100209 0.977194 -0.0627998
0.75
-23.4288 93.8985 5.00177
1 1 1
0.193571 0.118892 0.973441 -0.028411
0.875
-23.6542 93.9781 7.4634
1 1 1
0.205092 0.154827 0.966319 0.0139291
1
-24.2753 94.1423 10.6315
1 1 1
0.204944 0.219645 0.950114 0.083882
1.125
-24.8515 94.5922 13.8656
1 1 1
0.191707 0.301366 0.921359 0.153378
1.25
-25.437 95.5233 16.3139
1 1 1
0.152737 0.36069 0.893533 0.219483
1.375
-26.4476 95.7346 17.1505
1 1 1
0.119411 0.368833 0.877646 0.281852
1.5
-27.7661 94.9638 16.9844
1 1 1
0.113018 0.342651 0.868579 0.339688
1.625
-29.4054 93.209 16.0161
1 1 1
0.12798 0.283931 0.867408 0.388081
1.75
-31.2307 91.6816 11.4817
1 1 1
0.154772 0.1647 0.877723 0.422519
1.875
-32.9581 91.5334 12.9353
1 1 1
0.188746 0.0562815 0.874214 0.443799
2
-34.2549 92.257 18.7713
1 1 1
0.212577 -0.0204857 0.872116 0.440232
2.125
-35.5325 91.7402 27.3768
1 1 1
0.193364 -0.0423539 0.889853 0.411069
2.25
-36.9228 89.4782 42.2207
1 1 1
0.17848 0.0271326 0.906211 0.382349
2.375
-37.4111 88.9207 48.9625
1 1 1
0.18137 0.0684049 0.908905 0.369212
0
12.2738 107.779 0.0812475
1 1 1
-0.0665165 0.0783369 -0.00931679 0.994662
0.125
12.3762 107.784 0.163598
1 1 1
-0.0670381 0.0798273 -0.00966726 0.994505
0.25
12.5536 107.821 0.33395
1 1 1
-0.0655446 0.0767741 -0.0106949 0.994834
0.375
12.8272 107.681 0.608192
1 1 1
-0.0733181 0.0700261 -0.0112335 0.994784
0.5
13.2233 107.294 1.01125
1 1 1
-0.0886216 0.0641628 -0.0117574 0.993927
0.625
13.8372 106.87 1.83908
1 1 1
-0.0990101 0.0588063 -0.0138034 0.993251
0.75
14.7222 106.647 3.29414
1 1 1
-0.0977671 0.0536069 -0.017957 0.993602
0.875
15.7959 106.278 5.16495
1 1 1
-0.0960837 0.0471963 -0.0231577 0.993984
1
16.8583 105.677 7.12772
1 1 1
-0.0963577 0.0433812 -0.0280869 0.994004
1.125
17.61 104.51 9.15468
1 1 1
-0.105549 0.0407007 -0.0309058 0.9931
1.25
17.679 103.85 11.6115
1 1 1
-0.100353 0.0541151 -0.0279304 0.993086
1.375
17.2902 103.761 14.9135
1 1 1
-0.0781342 0.0606697 -0.0241484 0.994802
1.5
16.6898 103.661 19.1946
1 1 1
-0.0464206 0.0653831 -0.0195584 0.996588
1.625
16.0821 103.218 24.0527
1 1 1
-0.0117099 0.0907686 -0.00997619 0.995753
1.75
14.8916 101.592 29.3059
1 1 1
0.00386507 0.116997 0.00736799 0.993097
1.875
12.8947 100.729 36.385
1 1 1
0.00430104 0.0992342 0.0219571 0.994813
2
10.5572 100.976 45.2076
1 1 1
-0.0108053 0.0647982 0.0366289 0.997167
2.125
8.46589 101.363 53.7134
1 1 1
-0.0728378 0.0661369 0.0564886 0.993544
2.25
7.12532 101.92 61.8594
1 1 1
-0.171121 0.0545597 0.0640498 0.981651
2.375
6.80172 102.308 64.6197
1 1 1
-0.203379 0.0508524 0.0634155 0.97572
0
12.0822 61.7079 7.12218
1 1 1
-0.0093855 0.0775195 -0.0160078 0.996818
0.125
12.1678 61.7208 7.25512
1 1 1
-0.00806628 0.0794186 -0.0166254 0.99667
0.25
12.215 61.738 7.29514
1 1 1
-0.00781402 0.0768647 -0.0172959 0.996861
0.375
12.4374 61.7132 8.28718
1 1 1
0.00179824 0.0692058 -0.0193332 0.997413
0.5
12.8279 61.5838 10.0968
1 1 1
0.0196276 0.0613282 -0.0228734 0.997662
0.625
13.2575 61.3629 11.8846
1 1 1
0.0373882 0.0542716 -0.0271482 0.997457
0.75
13.6953 61.1266 13.2438
1 1 1
0.051025 0.0486111 -0.0316823 0.99701
0.875
14.2111 60.7439 14.9767
1 1 1
0.0685687 0.0414564 -0.0371916 0.996091
1
14.7783 60.1704 16.9777
1 1 1
0.0892724 0.0363417 -0.0430647 0.994412
1.125
15.2786 59.2066 19.8486
1 1 1
0.119191 0.0314772 -0.0483068 0.991196
1.25
15.7501 58.4219 21.8461
1 1 1
0.140961 0.042847 -0.0502437 0.987811
1.375
15.6526 57.9087 23.1044
1 1 1
0.154459 0.0473763 -0.0481267 0.985688
1.5
15.3218 57.3708 24.4404
1 1 1
0.168818 0.0529034 -0.0433759 0.98327
1.625
15.4614 56.6579 26.0328
1 1 1
0.187358 0.0832833 -0.0369109 0.978059
1.75
15.7797 54.9954 29.6651
1 1 1
0.228251 0.112942 -0.0293819 0.966583
1.875
15.1104 54.1761 36.5887
1 1 1
0.283272 0.0962437 -0.0201778 0.953985
2
14.1892 54.5386 46.8091
1 1 1
0.335333 0.0605487 -0.00788593 0.940119
2.125
14.3035 55.6884 60.9188
1 1 1
0.38587 0.0696698 -0.00584844 0.9199
2.25
13.9817 58.7238 77.9613
1 1 1
0.397471 0.0617119 -0.00881149 0.915495
2.375
13.649 60.2804 83.5663
1 1 1
0.382791 0.0563078 -0.00969626 0.922067
0
9.91974 11.343 4.44473
1 1 1
1.63739e-08 0.083605 -3.97629e-08 0.996499
0.125
9.92073 11.3664 4.45541
1 1 1
-0.00203689 0.083435 0.00017103 0.996511
0.25
9.9155 11.3875 4.4679
1 1 1
-0.00410728 0.0831226 0.000347623 0.996531
0.375
9.91822 11.4373 4.48643
1 1 1
-0.00717137 0.0828937 0.000597855 0.996532
0.5
9.90664 11.4971 4.5062
1 1 1
-0.0104506 0.0824582 0.000871312 0.996539
0.625
9.88217 11.535 4.51885
1 1 1
-0.0124169 0.0820982 0.00102024 0.996546
0.75
9.86818 11.551 4.522
1 1 1
-0.0130692 0.0814538 0.00106078 0.996591
0.875
9.85947 11.5505 4.51092
1 1 1
-0.0120927 0.0798608 0.00095492 0.996732
1
9.85345 11.5095 4.47455
1 1 1
-0.00753351 0.0775649 0.000572628 0.996959
1.125
9.84557 11.4449 4.42883
1 1 1
-0.00132472 0.0758764 0.000100546 0.997116
1.25
9.83619 11.4147 4.41605
1 1 1
0.0016194 0.0768185 -0.000126773 0.997044
1.375
9.80038 11.3814 4.41145
1 1 1
0.00373104 0.0785396 -0.000363967 0.996904
1.5
9.74797 11.371 4.40505
1 1 1
0.00600529 0.0791526 -0.000512683 0.996844
1.625
9.64873 11.4065 4.42281
1 1 1
0.00599639 0.0819051 -0.000595197 0.996622
1.75
9.50636 11.6891 4.49225
1 1 1
0.016402 0.0839098 -0.00128408 0.996338
1.875
9.73285 14.0228 6.46792
1 1 1
0.106451 0.0768793 -0.0172965 0.99119
2
10.945 17.9233 12.2077
1 1 1
0.285011 0.0877369 -0.068821 0.952016
2.125
10.5444 23.0401 22.5989
1 1 1
0.509066 0.119235 -0.0853397 0.848146
2.25
10.2561 27.064 38.8175
1 1 1
0.563075 0.0512297 -0.0817987 0.82075
2.375
10.1713 27.3864 45.4303
1 1 1
0.521467 0.0246817 -0.0796443 0.849188
0
11.8661 1.14577 18.7759
1 1 1
7.15601e-05 0.0833771 0.000542245 0.996518
0.125
11.8692 1.22827 18.8283
1 1 1
-0.00196414 0.0832043 0.000723291 0.99653
0.25
11.862 1.30969 18.8834
1 1 1
-0.00403423 0.0828916 0.000903644 0.99655
0.375
11.8682 1.44909 18.9637
1 1 1
-0.00709758 0.0826619 0.00116081 0.996552
0.5
11.8549 1.60525 19.0496
1 1 1
-0.01038 0.0822375 0.00141231 0.996558
0.625
11.8262 1.7011 19.1021
1 1 1
-0.01342 0.081875 0.00165663 0.996551
0.75
11.7953 1.73625 19.1204
1 1 1
-0.0151562 0.0812286 0.00178797 0.996579
0.875
11.7367 1.70692 19.0964
1 1 1
-0.0153526 0.0796329 0.0017754 0.996704
1
11.6494 1.53183 18.9789
1 1 1
-0.0142298 0.0773293 0.00166043 0.996903
1.125
11.5736 1.28608 18.8152
1 1 1
-0.0125977 0.0756327 0.00153518 0.997055
1.25
11.5821 1.17048 18.7396
1 1 1
-0.0107724 0.0765738 0.00140691 0.997005
1.375
11.5876 1.07611 18.686
1 1 1
-0.00795159 0.0782976 0.00113318 0.996898
1.5
11.546 1.00028 18.6308
1 1 1
-0.00853077 0.0789067 0.0012249 0.996845
1.625
11.524 1.03592 18.6386
1 1 1
-0.0158689 0.0816467 0.00180363 0.996533
1.75
11.4064 1.02171 18.4834
1 1 1
-0.0298168 0.0835979 0.00326796 0.996048
1.875
10.9032 0.982267 18.373
1 1 1
2.56696e-06 0.0778766 -0.00717556 0.996937
2
10.4894 1.49831 18.778
1 1 1
0.0286449 0.0998628 -0.0169983 0.994444
2.125
9.0494 5.51095 20.6884
1 1 1
0.273216 0.136321 -0.0512442 0.950865
2.25
7.7226 10.0234 34.7735
1 1 1
0.560584 0.0509736 -0.08132 0.822517
2.375
7.47245 10.0567 43.0738
1 1 1
0.523706 0.0239971 -0.0793691 0.847854
0
13.0441 1.0956 25.6106
1 1 1
7.15601e-05 0.0833771 0.000542245 0.996518
0.125
13.0448 1.20645 25.6635
1 1 1
-0.00196414 0.0832043 0.000723291 0.99653
0.25
13.0333 1.3167 25.7194
1 1 1
-0.00403423 0.0828916 0.000903644 0.99655
0.375
13.0364 1.49873 25.8001
1 1 1
-0.00709758 0.0826619 0.00116081 0.996552
0.5
13.0172 1.70055 25.8865
1 1 1
-0.01038 0.0822375 0.00141231 0.996558
0.625
12.9834 1.8387 25.9391
1 1 1
-0.01342 0.081875 0.00165663 0.996551
0.75
12.9436 1.898 25.9584
1 1 1
-0.0151562 0.0812286 0.00178797 0.996579
0.875
12.8631 1.87136 25.938
1 1 1
-0.0153526 0.0796329 0.0017754 0.996704
1
12.7441 1.6806 25.826
1 1 1
-0.0142298 0.0773293 0.00166043 0.996903
1.125
12.6451 1.41213 25.6665
1 1 1
-0.0125977 0.0756327 0.00153518 0.997055
1.25
12.6666 1.27116 25.5892
1 1 1
-0.0107724 0.0765738 0.00140691 0.997005
1.375
12.6958 1.1375 25.5323
1 1 1
-0.00795159 0.0782976 0.00113318 0.996898
1.5
12.6626 1.06978 25.4756
1 1 1
-0.00853077 0.0789067 0.0012249 0.996845
1.625
12.6779 1.20754 25.4755
1 1 1
-0.0158689 0.0816467 0.00180363 0.996533
1.75
12.5861 1.38775 25.3082
1 1 1
-0.0298168 0.0835979 0.00326796 0.996048
1.875
12.0049 0.924287 25.2204
1 1 1
2.56696e-06 0.0778766 -0.00717556 0.996937
2
11.8835 1.0292 25.5559
1 1 1
0.0286449 0.0998628 -0.0169983 0.994444
2.125
10.6693 1.7678 26.298
1 1 1
0.273216 0.136321 -0.0512442 0.950865
2.25
7.68767 3.55036 37.2639
1 1 1
0.560584 0.0509736 -0.08132 0.822517
2.375
7.19561 3.84654 46.1497
1 1 1
0.523706 0.0239971 -0.0793691 0.847854
0
-11.9886 108.293 -1.97182
1 1 1
-0.0523035 -0.0778653 -0.0132216 0.995503
0.125
-11.8869 108.214 -1.90047
1 1 1
-0.0546997 -0.0831903 -0.014619 0.994924
0.25
-11.7085 108.168 -1.7567
1 1 1
-0.0553773 -0.0885317 -0.0163042 0.994399
0.375
-11.4338 108.019 -1.49671
1 1 1
-0.0586821 -0.0951007 -0.0191344 0.993552
0.5
-11.0404 107.672 -1.05639
1 1 1
-0.0665189 -0.101668 -0.0235875 0.992312
0.625
-10.4229 107.295 -0.260552
1 1 1
-0.0718113 -0.109067 -0.0296501 0.990994
0.75
-9.53191 107.092 1.12948
1 1 1
-0.0676481 -0.10846 -0.035629 0.991156
0.875
-8.45244 106.779 2.94917
1 1 1
-0.0617837 -0.0863438 -0.040005 0.993543
1
-7.36124 106.274 4.63794
1 1 1
-0.0936973 -0.0518805 -0.0467345 0.993149
1.125
-6.54913 105.149 6.14264
1 1 1
-0.205853 -0.0420053 -0.0640787 0.975579
1.25
-6.50259 104.853 8.89308
1 1 1
-0.286302 -0.0354602 -0.0680148 0.955064
1.375
-6.90205 105.481 12.6966
1 1 1
-0.29424 -0.0394591 -0.0591369 0.953084
1.5
-7.46661 105.849 16.9984
1 1 1
-0.25841 -0.0237681 -0.0478117 0.964559
1.625
-8.15873 104.917 22.4274
1 1 1
-0.267128 0.0420293 -0.0489273 0.9615
1.75
-9.43632 102.628 28.8343
1 1 1
-0.265295 0.0835043 -0.0401248 0.959706
1.875
-11.4143 102.094 36.9786
1 1 1
-0.259819 0.0533443 -0.0192093 0.963992
2
-13.69 103.214 45.6623
1 1 1
-0.240298 0.0115151 -0.00437197 0.970621
2.125
-15.7738 103.714 53.9515
1 1 1
-0.230213 0.01721 0.00611968 0.972969
2.25
-17.1019 104.362 62.331
1 1 1
-0.198657 -0.0055409 0.0119845 0.97998
2.375
-17.4331 104.676 65.0789
1 1 1
-0.18302 -0.00904498 0.0134985 0.982975
0
-13.7647 62.0548 3.59698
1 1 1
0.0470712 -0.0789337 -0.00165078 0.995767
0.125
-13.8449 62.0069 3.86798
1 1 1
0.0499015 -0.0840018 -0.00179962 0.995214
0.25
-13.8633 61.975 4.04859
1 1 1
0.0517486 -0.0890486 -0.00252334 0.994679
0.375
-13.9229 61.8767 4.57195
1 1 1
0.0570813 -0.0957785 -0.00344154 0.993759
0.5
-14.059 61.6524 5.67196
1 1 1
0.0682868 -0.102992 -0.00438418 0.992326
0.625
-14.1092 61.3842 6.86607
1 1 1
0.0803775 -0.111074 -0.00671536 0.990534
0.75
-13.7233 61.1586 7.81508
1 1 1
0.0895035 -0.110371 -0.0118093 0.989782
0.875
-12.8344 60.7955 9.15528
1 1 1
0.10235 -0.0875391 -0.0184683 0.990717
1
-12.2605 60.8595 13.8941
1 1 1
0.140515 -0.0555642 -0.0235224 0.988238
1.125
-13.2694 63.2258 25.3636
1 1 1
0.210428 -0.0586491 -0.0243731 0.975544
1.25
-13.5686 66.7886 34.8422
1 1 1
0.209235 -0.0604112 -0.0235958 0.975712
1.375
-13.3126 67.7522 39.297
1 1 1
0.116556 -0.0620216 -0.0235052 0.990967
1.5
-12.3968 66.1076 40.8404
1 1 1
-0.017687 -0.041284 -0.0320303 0.998477
1.625
-11.4496 65.6212 47.2702
1 1 1
-0.0911481 0.0282231 -0.0490278 0.994229
1.75
-10.8509 63.1627 53.5856
1 1 1
-0.152669 0.0748467 -0.0453083 0.984397
1.875
-11.7965 62.239 61.1368
1 1 1
-0.138254 0.0429352 -0.0210974 0.989241
2
-13.8495 62.3878 68.1421
1 1 1
-0.0842 -0.0037957 -0.000333041 0.996442
2.125
-14.8663 62.431 75.5632
1 1 1
-0.0134367 0.00170521 0.00951129 0.999863
2.25
-16.1653 61.7774 81.2483
1 1 1
0.0436806 -0.0197357 0.0201522 0.998647
2.375
-16.412 61.514 82.6339
1 1 1
0.0577258 -0.022375 0.022184 0.997835
0
-12.9025 12.2933 -4.85938
1 1 1
9.79087e-08 -0.216194 3.11138e-08 0.97635
0.125
-12.9116 12.294 -4.86253
1 1 1
4.57534e-08 -0.216057 1.13977e-07 0.976381
0.25
-12.9225 12.2944 -4.86299
1 1 1
-1.82691e-07 -0.216087 5.66548e-07 0.976374
0.375
-12.9367 12.294 -4.86433
1 1 1
2.55016e-07 -0.215972 -2.77875e-07 0.9764
0.5
-12.9549 12.2945 -4.86551
1 1 1
-6.67515e-08 -0.216008 1.07346e-07 0.976392
0.625
-12.9849 12.2971 -4.86682
1 1 1
-2.50578e-08 -0.216163 2.0382e-08 0.976357
0.75
-13.0125 12.3004 -4.86682
1 1 1
5.93344e-07 -0.216596 -3.66152e-06 0.976261
0.875
-13.0455 12.3 -4.86621
1 1 1
-0.000173206 -0.216949 -4.8133e-05 0.976183
1
-13.3163 13.6049 -3.83606
1 1 1
0.0509912 -0.219045 0.0163633 0.974244
1.125
-13.8909 18.9484 1.12325
1 1 1
0.204491 -0.213798 0.0291709 0.95479
1.25
-14.0725 22.4486 10.7139
1 1 1
0.232353 -0.153224 0.0405762 0.959629
1.375
-14.386 19.699 23.8633
1 1 1
0.0964606 -0.140958 0.0423476 0.984395
1.5
-15.3249 15.7554 38.708
1 1 1
-0.082325 -0.156909 0.0216387 0.983938
1.625
-16.2888 15.6768 52.8024
1 1 1
-0.236116 -0.14456 0.0300099 0.960443
1.75
-14.747 14.2547 65.4724
1 1 1
-0.256204 -0.105423 0.0348185 0.960226
1.875
-13.5882 12.8341 71.3548
1 1 1
-0.0658548 -0.04944 -0.00237811 0.996601
2
-13.8298 12.1252 72.846
1 1 1
-0.00480744 -0.0351846 -0.000129876 0.999369
2.125
-13.8618 12.0179 73.118
1 1 1
-8.11999e-06 -0.0325616 3.02248e-05 0.99947
2.25
-13.8526 12.0076 73.119
1 1 1
4.29297e-06 -0.0328074 1.48309e-05 0.999462
2.375
-13.8368 12.0034 73.1192
1 1 1
1.0909e-08 -0.0329381 2.18064e-08 0.999457
0
-18.58 2.09603 8.44241
1 1 1
-0.00102359 -0.217785 0.00376624 0.975989
0.125
-18.5854 2.09675 8.44086
1 1 1
-0.00102802 -0.217656 0.00378457 0.976018
0.25
-18.5971 2.09713 8.44005
1 1 1
-0.00102781 -0.217685 0.00378299 0.976011
0.375
-18.6081 2.09671 8.44004
1 1 1
-0.00102821 -0.217571 0.00378692 0.976037
0.5
-18.6273 2.0972 8.43845
1 1 1
-0.000979949 -0.217621 0.00383118 0.976025
0.625
-18.6616 2.09985 8.43533
1 1 1
-0.00189146 -0.217745 0.00357019 0.975997
0.75
-18.701 2.1031 8.43027
1 1 1
-0.0027701 -0.218169 0.00336698 0.975901
0.875
-18.7453 2.10788 8.43002
1 1 1
-0.00528998 -0.218496 0.00279009 0.97582
1
-18.4853 1.93079 8.41759
1 1 1
0.01882 -0.220923 0.0128995 0.975024
1.125
-17.7352 3.78156 9.39023
1 1 1
0.1342 -0.216944 0.0168545 0.966769
1.25
-16.0854 6.76316 18.6556
1 1 1
0.198586 -0.156636 0.0385606 0.966717
1.375
-16.7035 6.83667 35.7941
1 1 1
0.059137 -0.144038 0.0406025 0.986969
1.5
-19.2238 7.98161 54.1198
1 1 1
-0.103344 -0.15841 0.0222331 0.981699
1.625
-20.1676 13.1247 69.8786
1 1 1
-0.261415 -0.145712 0.0302144 0.953686
1.75
-17.3433 12.4838 82.8873
1 1 1
-0.297672 -0.107028 0.0341094 0.948036
1.875
-14.6564 4.62707 86.9964
1 1 1
-0.123994 -0.050024 -0.00156688 0.99102
2
-14.3848 2.06741 87.3956
1 1 1
-0.036882 -0.0364546 0.0025061 0.998651
2.125
-14.3343 1.82088 87.5732
1 1 1
-0.0176755 -0.034012 0.00327896 0.99926
2.25
-14.3325 1.81019 87.5737
1 1 1
-0.0161425 -0.0342737 0.00331596 0.999277
2.375
-14.3208 1.80613 87.5738
1 1 1
-0.0151881 -0.0344143 0.00333495 0.999287
0
-21.5514 2.04848 14.7091
1 1 1
-0.00102359 -0.217785 0.00376624 0.975989
0.125
-21.5551 2.04921 14.7084
1 1 1
-0.00102802 -0.217656 0.00378457 0.976018
0.25
-21.5672 2.04959 14.7074
1 1 1
-0.00102781 -0.217685 0.00378299 0.976011
0.375
-21.5768 2.04917 14.7081
1 1 1
-0.00102821 -0.217571 0.00378692 0.976037
0.5
-21.5966 2.04887 14.7062
1 1 1
-0.000979949 -0.217621 0.00383118 0.976025
0.625
-21.6326 2.06464 14.7023
1 1 1
-0.00189146 -0.217745 0.00357019 0.975997
0.75
-21.6775 2.08038 14.6947
1 1 1
-0.0027701 -0.218169 0.00336698 0.975901
0.875
-21.7262 2.121 14.6924
1 1 1
-0.00528998 -0.218496 0.00279009 0.97582
1
-21.4914 1.58652 14.6584
1 1 1
0.01882 -0.220923 0.0128995 0.975024
1.125
-20.6318 1.88389 15.3995
1 1 1
0.1342 -0.216944 0.0168545 0.966769
1.25
-18.0972 3.97043 24.677
1 1 1
0.198586 -0.156636 0.0385606 0.966717
1.375
-18.6619 5.89501 42.3805
1 1 1
0.059137 -0.144038 0.0406025 0.986969
1.5
-21.4367 9.2893 60.5616
1 1 1
-0.103344 -0.15841 0.0222331 0.981699
1.625
-22.2303 16.4753 75.5902
1 1 1
-0.261415 -0.145712 0.0302144 0.953686
1.75
-18.9167 16.3033 88.4585
1 1 1
-0.297672 -0.107028 0.0341094 0.948036
1.875
-15.3678 6.28408 93.6935
1 1 1
-0.123994 -0.050024 -0.00156688 0.99102
2
-14.9167 2.52715 94.2955
1 1 1
-0.036882 -0.0364546 0.0025061 0.998651
2.125
-14.832 2.01433 94.4883
1 1 1
-0.0176755 -0.034012 0.00327896 0.99926
2.25
-14.8338 1.98236 94.4891
1 1 1
-0.0161425 -0.0342737 0.00331596 0.999277
2.375
-14.824 1.96505 94.4894
1 1 1
-0.0151881 -0.0344143 0.00333495 0.999287
